4
2 1
110
0 100.000000 100.000000 20 99999999 4
1 1.546940 8.209728 20 133 4
2 147.835798 17.339071 20 115 2
3 98.696026 166.912928 20 123 3
4 29.608568 161.058564 20 141 1
5 25.139475 55.600308 20 106 3
6 97.752531 163.418145 20 113 2
7 32.851432 120.153424 20 107 1
8 0.377127 186.908333 20 124 2
9 118.446781 66.302603 20 120 3
10 177.516130 24.273421 20 133 3
11 144.206480 39.011860 20 126 1
12 45.919837 141.021598 20 101 1
13 44.569133 96.335684 20 140 1
14 75.465689 61.422750 20 108 1
15 138.330481 82.436492 20 108 4
16 24.835125 135.875334 20 106 2
17 131.915647 19.833083 20 110 3
18 156.849426 170.414324 20 133 5
19 80.620420 162.789159 20 108 2
20 111.572078 130.096604 20 110 3
21 130.215378 5.020095 20 137 3
22 59.083384 116.286873 20 123 3
23 175.598787 99.196631 20 124 5
24 68.705957 127.143010 20 115 3
25 114.570242 45.165599 20 136 5
26 35.138624 185.228044 20 122 1
27 57.054699 28.541034 20 111 5
28 199.303500 143.179438 20 102 5
29 62.531812 27.022700 20 145 2
30 39.304066 100.951161 20 113 2
31 36.529888 47.915114 20 139 4
32 198.044145 108.452454 20 104 2
33 124.566382 132.144485 20 125 4
34 66.209617 48.190245 20 132 4
35 167.839963 6.310849 20 138 5
36 26.779782 119.972572 20 143 4
37 35.852403 26.675922 20 139 1
38 131.011442 37.297324 20 105 5
39 71.854772 31.203184 20 110 4
40 148.818639 125.286448 20 119 4
41 61.131044 165.177243 20 123 2
42 53.476997 138.903920 20 104 4
43 98.020851 15.990652 20 132 4
44 119.967619 59.507492 20 147 4
45 133.528023 45.426922 20 147 5
46 1.027521 12.278290 20 125 3
47 131.208743 156.280404 20 102 1
48 177.695961 27.060480 20 123 5
49 27.638867 76.517038 20 123 4
50 7.354539 2.355126 20 107 5
51 57.067195 87.476244 20 121 4
52 6.733957 49.080212 20 135 2
53 14.480291 46.189095 20 113 1
54 74.044510 49.126850 20 145 4
55 4.773956 187.936259 20 149 1
56 96.241880 77.096990 20 141 5
57 62.284969 17.107472 20 130 1
58 160.829268 153.294625 20 112 3
59 25.237526 86.254311 20 133 2
60 114.234240 154.146063 20 130 5
61 147.643167 119.937919 20 110 2
62 32.417431 164.337519 20 142 3
63 164.219841 79.739979 20 126 5
64 113.562690 63.867293 20 130 4
65 131.021341 113.838970 20 138 3
66 119.467806 104.249749 20 120 1
67 32.857363 11.942706 20 138 5
68 191.887137 79.889154 20 109 2
69 56.297447 108.944192 20 132 5
70 195.888907 49.779084 20 149 1
71 131.392058 103.722179 20 146 3
72 139.740860 78.310722 20 101 5
73 112.737450 157.290836 20 127 5
74 73.638382 136.701836 20 148 5
75 159.893999 6.269196 20 129 5
76 128.029309 45.965448 20 131 1
77 1.581197 104.660747 20 127 1
78 193.589233 47.254646 20 113 1
79 172.204055 126.601520 20 102 4
80 100.906840 38.730407 20 145 3
81 13.228961 104.411834 20 133 1
82 58.918240 16.728797 20 123 1
83 1.722826 26.964203 20 117 4
84 95.024499 8.461676 20 149 4
85 152.946141 132.729369 20 125 3
86 87.695574 64.368488 20 142 4
87 9.359735 123.343930 20 113 3
88 79.677562 142.282905 20 129 4
89 15.869454 130.338101 20 103 4
90 82.917029 146.918648 20 132 3
91 9.946153 1.762971 20 121 5
92 74.093091 164.133111 20 112 4
93 35.945961 125.407547 20 109 3
94 48.483887 85.243452 20 121 2
95 65.748920 132.498363 20 102 5
96 117.044610 169.687058 20 103 1
97 187.425569 35.068924 20 117 4
98 168.886704 14.443767 20 118 5
99 46.011166 90.155668 20 132 2
100 111.511032 81.598838 20 132 5
101 137.368916 176.711085 20 141 4
102 172.027149 22.739274 20 108 5
103 32.941253 42.728394 20 102 2
104 94.212834 126.684772 20 149 1
105 49.153728 14.031369 20 104 3
106 175.351367 174.878613 20 140 2
107 90.307282 107.256425 20 103 5
108 51.652278 110.648912 20 104 2
109 66.737364 26.390969 20 115 5
1316
0 9
0 20
0 56
0 64
0 65
0 66
0 71
0 86
0 100
0 104
0 107
1 37
1 46
1 50
1 67
1 83
1 91
2 10
2 11
2 17
2 21
2 35
2 38
2 45
2 48
2 75
2 76
2 98
2 102
3 6
3 19
3 20
3 41
3 47
3 60
3 73
3 74
3 88
3 90
3 92
3 96
3 101
4 8
4 12
4 16
4 26
4 41
4 42
4 55
4 62
4 89
4 93
5 31
5 37
5 49
5 52
5 53
5 59
5 83
5 94
5 103
6 3
6 19
6 20
6 41
6 47
6 60
6 73
6 74
6 88
6 90
6 92
6 96
6 104
7 12
7 13
7 16
7 22
7 24
7 30
7 36
7 42
7 59
7 69
7 77
7 81
7 87
7 89
7 93
7 94
7 95
7 99
7 108
8 4
8 26
8 55
8 62
9 0
9 11
9 15
9 25
9 38
9 44
9 45
9 56
9 64
9 66
9 71
9 72
9 76
9 80
9 86
9 100
10 2
10 11
10 35
10 48
10 70
10 75
10 78
10 97
10 98
10 102
11 2
11 9
11 10
11 17
11 21
11 25
11 38
11 44
11 45
11 48
11 64
11 72
11 75
11 76
11 98
11 102
12 4
12 7
12 16
12 22
12 24
12 36
12 41
12 42
12 62
12 69
12 74
12 88
12 89
12 90
12 92
12 93
12 95
12 108
13 7
13 22
13 24
13 30
13 36
13 49
13 51
13 59
13 69
13 81
13 93
13 94
13 99
13 108
14 27
14 29
14 34
14 39
14 51
14 54
14 56
14 64
14 80
14 86
14 94
14 109
15 9
15 44
15 45
15 61
15 63
15 64
15 65
15 66
15 71
15 72
15 76
15 100
16 4
16 7
16 12
16 22
16 30
16 36
16 42
16 62
16 77
16 81
16 87
16 89
16 93
16 108
17 2
17 11
17 21
17 25
17 35
17 38
17 43
17 45
17 75
17 76
17 80
17 84
17 98
18 47
18 58
18 85
18 96
18 101
18 106
19 3
19 6
19 24
19 41
19 42
19 60
19 73
19 74
19 88
19 90
19 92
19 95
19 96
19 104
20 0
20 3
20 6
20 33
20 40
20 47
20 60
20 61
20 65
20 66
20 71
20 73
20 74
20 88
20 90
20 96
20 104
20 107
21 2
21 11
21 17
21 35
21 38
21 43
21 75
21 84
21 98
22 7
22 12
22 13
22 16
22 24
22 30
22 36
22 42
22 51
22 69
22 74
22 88
22 90
22 93
22 94
22 95
22 99
22 104
22 107
22 108
23 32
23 40
23 61
23 63
23 68
23 79
24 7
24 12
24 13
24 19
24 22
24 30
24 41
24 42
24 69
24 74
24 88
24 90
24 92
24 93
24 95
24 104
24 107
24 108
25 9
25 11
25 17
25 38
25 43
25 44
25 45
25 56
25 64
25 76
25 80
25 86
25 100
26 4
26 8
26 41
26 55
26 62
27 14
27 29
27 31
27 34
27 37
27 39
27 54
27 57
27 67
27 82
27 103
27 105
27 109
28 32
28 58
28 79
28 106
29 14
29 27
29 31
29 34
29 37
29 39
29 43
29 54
29 57
29 67
29 82
29 84
29 103
29 105
29 109
30 7
30 13
30 16
30 22
30 24
30 36
30 49
30 51
30 59
30 69
30 77
30 81
30 87
30 89
30 93
30 94
30 99
30 108
31 5
31 27
31 29
31 34
31 37
31 39
31 49
31 52
31 53
31 54
31 59
31 67
31 82
31 94
31 103
31 105
31 109
32 23
32 28
32 68
32 79
33 20
33 40
33 47
33 60
33 61
33 65
33 66
33 71
33 73
33 85
33 96
33 104
34 14
34 27
34 29
34 31
34 37
34 39
34 54
34 57
34 80
34 82
34 86
34 103
34 105
34 109
35 2
35 10
35 17
35 21
35 48
35 75
35 97
35 98
35 102
36 7
36 12
36 13
36 16
36 22
36 30
36 42
36 59
36 69
36 77
36 81
36 87
36 89
36 93
36 99
36 108
37 1
37 5
37 27
37 29
37 31
37 34
37 39
37 46
37 50
37 52
37 53
37 57
37 67
37 82
37 83
37 91
37 103
37 105
37 109
38 2
38 9
38 11
38 17
38 21
38 25
38 43
38 44
38 45
38 64
38 76
38 80
39 14
39 27
39 29
39 31
39 34
39 37
39 43
39 54
39 57
39 80
39 82
39 84
39 86
39 105
39 109
40 20
40 23
40 33
40 47
40 58
40 61
40 65
40 66
40 71
40 79
40 85
41 3
41 4
41 6
41 12
41 19
41 24
41 26
41 42
41 62
41 74
41 88
41 90
41 92
41 95
42 4
42 7
42 12
42 16
42 19
42 22
42 24
42 36
42 41
42 62
42 69
42 74
42 88
42 89
42 90
42 92
42 93
42 95
42 108
43 17
43 21
43 25
43 29
43 38
43 39
43 57
43 80
43 82
43 84
43 109
44 9
44 11
44 15
44 25
44 38
44 45
44 56
44 64
44 72
44 76
44 80
44 86
44 100
45 2
45 9
45 11
45 15
45 17
45 25
45 38
45 44
45 64
45 72
45 76
45 80
46 1
46 37
46 50
46 52
46 53
46 67
46 83
46 91
47 3
47 6
47 18
47 20
47 33
47 40
47 58
47 60
47 61
47 73
47 85
47 96
47 101
48 2
48 10
48 11
48 35
48 70
48 75
48 78
48 97
48 98
48 102
49 5
49 13
49 30
49 31
49 51
49 52
49 53
49 59
49 77
49 81
49 94
49 99
49 103
50 1
50 37
50 46
50 67
50 83
50 91
51 13
51 14
51 22
51 30
51 49
51 59
51 69
51 86
51 94
51 99
51 107
51 108
52 5
52 31
52 37
52 46
52 49
52 53
52 83
52 103
53 5
53 31
53 37
53 46
53 49
53 52
53 67
53 83
53 103
54 14
54 27
54 29
54 31
54 34
54 39
54 56
54 57
54 80
54 82
54 86
54 109
55 4
55 8
55 26
55 62
56 0
56 9
56 14
56 25
56 44
56 54
56 64
56 66
56 80
56 86
56 100
56 107
57 27
57 29
57 34
57 37
57 39
57 43
57 54
57 67
57 82
57 84
57 103
57 105
57 109
58 18
58 28
58 40
58 47
58 61
58 79
58 85
58 101
58 106
59 5
59 7
59 13
59 30
59 31
59 36
59 49
59 51
59 69
59 77
59 81
59 94
59 99
59 108
60 3
60 6
60 19
60 20
60 33
60 47
60 73
60 88
60 90
60 96
60 101
60 104
61 15
61 20
61 23
61 33
61 40
61 47
61 58
61 65
61 66
61 71
61 79
61 85
62 4
62 8
62 12
62 16
62 26
62 41
62 42
62 55
62 89
62 93
63 15
63 23
63 68
63 72
64 0
64 9
64 11
64 14
64 15
64 25
64 38
64 44
64 45
64 56
64 72
64 76
64 80
64 86
64 100
65 0
65 15
65 20
65 33
65 40
65 61
65 66
65 71
65 72
65 85
65 100
65 104
66 0
66 9
66 15
66 20
66 33
66 40
66 56
66 61
66 65
66 71
66 72
66 100
66 104
66 107
67 1
67 27
67 29
67 31
67 37
67 46
67 50
67 53
67 57
67 82
67 83
67 91
67 103
67 105
67 109
68 23
68 32
68 63
68 70
68 78
69 7
69 12
69 13
69 22
69 24
69 30
69 36
69 42
69 51
69 59
69 74
69 93
69 94
69 95
69 99
69 107
69 108
70 10
70 48
70 68
70 78
70 97
70 102
71 0
71 9
71 15
71 20
71 33
71 40
71 61
71 65
71 66
71 72
71 85
71 100
72 9
72 11
72 15
72 44
72 45
72 63
72 64
72 65
72 66
72 71
72 76
72 100
73 3
73 6
73 19
73 20
73 33
73 47
73 60
73 88
73 90
73 92
73 96
73 101
73 104
74 3
74 6
74 12
74 19
74 20
74 22
74 24
74 41
74 42
74 69
74 88
74 90
74 92
74 93
74 95
74 104
74 107
74 108
75 2
75 10
75 11
75 17
75 21
75 35
75 48
75 97
75 98
75 102
76 2
76 9
76 11
76 15
76 17
76 25
76 38
76 44
76 45
76 64
76 72
76 80
76 100
77 7
77 16
77 30
77 36
77 49
77 59
77 81
77 87
77 89
78 10
78 48
78 68
78 70
78 97
78 102
79 23
79 28
79 32
79 40
79 58
79 61
79 85
80 9
80 14
80 17
80 25
80 34
80 38
80 39
80 43
80 44
80 45
80 54
80 56
80 64
80 76
80 84
80 86
80 109
81 7
81 13
81 16
81 30
81 36
81 49
81 59
81 77
81 87
81 89
81 93
81 99
81 108
82 27
82 29
82 31
82 34
82 37
82 39
82 43
82 54
82 57
82 67
82 84
82 103
82 105
82 109
83 1
83 5
83 37
83 46
83 50
83 52
83 53
83 67
83 91
83 103
84 17
84 21
84 29
84 39
84 43
84 57
84 80
84 82
84 109
85 18
85 33
85 40
85 47
85 58
85 61
85 65
85 71
85 79
86 0
86 9
86 14
86 25
86 34
86 39
86 44
86 51
86 54
86 56
86 64
86 80
86 100
87 7
87 16
87 30
87 36
87 77
87 81
87 89
87 93
88 3
88 6
88 12
88 19
88 20
88 22
88 24
88 41
88 42
88 60
88 73
88 74
88 90
88 92
88 95
88 104
88 107
89 4
89 7
89 12
89 16
89 30
89 36
89 42
89 62
89 77
89 81
89 87
89 93
90 3
90 6
90 12
90 19
90 20
90 22
90 24
90 41
90 42
90 60
90 73
90 74
90 88
90 92
90 95
90 104
91 1
91 37
91 46
91 50
91 67
91 83
92 3
92 6
92 12
92 19
92 24
92 41
92 42
92 73
92 74
92 88
92 90
92 95
93 4
93 7
93 12
93 13
93 16
93 22
93 24
93 30
93 36
93 42
93 62
93 69
93 74
93 81
93 87
93 89
93 95
93 99
93 108
94 5
94 7
94 13
94 14
94 22
94 30
94 31
94 49
94 51
94 59
94 69
94 99
94 108
95 7
95 12
95 19
95 22
95 24
95 41
95 42
95 69
95 74
95 88
95 90
95 92
95 93
95 104
95 107
95 108
96 3
96 6
96 18
96 19
96 20
96 33
96 47
96 60
96 73
96 101
97 10
97 35
97 48
97 70
97 75
97 78
97 98
97 102
98 2
98 10
98 11
98 17
98 21
98 35
98 48
98 75
98 97
98 102
99 7
99 13
99 22
99 30
99 36
99 49
99 51
99 59
99 69
99 81
99 93
99 94
99 108
100 0
100 9
100 15
100 25
100 44
100 56
100 64
100 65
100 66
100 71
100 72
100 76
100 86
100 107
101 3
101 18
101 47
101 58
101 60
101 73
101 96
101 106
102 2
102 10
102 11
102 35
102 48
102 70
102 75
102 78
102 97
102 98
103 5
103 27
103 29
103 31
103 34
103 37
103 49
103 52
103 53
103 57
103 67
103 82
103 83
103 105
103 109
104 0
104 6
104 19
104 20
104 22
104 24
104 33
104 60
104 65
104 66
104 73
104 74
104 88
104 90
104 95
104 107
105 27
105 29
105 31
105 34
105 37
105 39
105 57
105 67
105 82
105 103
105 109
106 18
106 28
106 58
106 101
107 0
107 20
107 22
107 24
107 51
107 56
107 66
107 69
107 74
107 88
107 95
107 100
107 104
107 108
108 7
108 12
108 13
108 16
108 22
108 24
108 30
108 36
108 42
108 51
108 59
108 69
108 74
108 81
108 93
108 94
108 95
108 99
108 107
109 14
109 27
109 29
109 31
109 34
109 37
109 39
109 43
109 54
109 57
109 67
109 80
109 82
109 84
109 103
109 105
