4
2 1
110
0 100.000000 100.000000 10 99999999 5
1 86.203544 86.198097 10 119 2
2 95.960883 95.599451 10 119 1
3 100.120869 89.873615 10 103 5
4 79.804510 92.626465 10 135 5
5 84.412737 89.310858 10 132 1
6 110.209084 111.405576 10 111 5
7 74.257280 111.435608 10 119 3
8 111.954336 83.582961 10 145 2
9 91.093240 92.802752 10 139 4
10 63.642159 105.658830 10 102 4
11 115.588563 71.791060 10 121 4
12 79.849117 80.744322 10 138 2
13 121.579938 66.415881 10 126 4
14 106.656670 97.045871 10 113 3
15 104.111497 88.164193 10 109 1
16 124.875997 67.668795 10 142 2
17 104.111463 89.094947 10 105 5
18 71.626940 68.265023 10 104 3
19 139.081962 70.846237 10 109 2
20 106.743985 127.896817 10 137 4
21 131.503234 59.326608 10 119 4
22 68.910712 93.667110 10 108 4
23 98.907393 106.845116 10 117 1
24 46.991314 114.045004 10 130 3
25 102.179233 102.410801 10 102 3
26 46.020811 104.140452 10 123 4
27 41.068392 123.275450 10 128 3
28 105.983693 119.107653 10 145 4
29 97.136777 115.018452 10 148 3
30 51.548644 134.411661 10 121 5
31 42.598581 113.594656 10 139 3
32 58.825552 106.114615 10 130 3
33 110.991148 84.857555 10 113 2
34 87.816131 87.397762 10 122 2
35 113.667393 132.273565 10 147 1
36 37.950364 134.017291 10 142 3
37 141.087226 63.373808 10 115 5
38 111.153794 61.289568 10 102 4
39 96.491682 60.846442 10 142 1
40 102.946776 140.425103 10 104 3
41 109.281449 77.175347 10 145 3
42 91.867218 109.729334 10 136 3
43 87.200977 129.151320 10 125 2
44 66.399115 100.298237 10 117 3
45 103.941584 62.138869 10 149 2
46 56.038514 81.893484 10 134 3
47 64.755516 73.581965 10 109 2
48 89.370855 124.196097 10 121 3
49 122.611596 58.299721 10 123 3
50 113.046408 43.272488 10 139 2
51 109.953078 110.238054 10 119 5
52 97.259796 107.920710 10 133 2
53 31.246497 137.143517 10 129 5
54 21.132867 143.052672 10 147 5
55 116.458956 146.623412 10 118 4
56 51.545973 65.381041 10 129 5
57 128.143295 75.616162 10 148 4
58 46.828005 102.988723 10 118 3
59 71.605253 72.172408 10 133 1
60 145.530079 51.678753 10 115 5
61 24.721938 154.720034 10 102 4
62 114.001459 103.895646 10 130 3
63 49.302180 80.123072 10 134 4
64 119.229212 111.253154 10 142 5
65 34.403327 165.848740 10 108 4
66 35.309132 73.484193 10 146 3
67 33.091612 53.718996 10 142 4
68 125.050985 36.961077 10 148 1
69 22.536475 162.340263 10 113 5
70 36.750168 84.654124 10 107 1
71 155.081388 50.003878 10 130 3
72 34.440225 37.650386 10 110 3
73 38.392105 143.096091 10 143 4
74 27.833701 47.477559 10 127 4
75 80.807976 71.120084 10 123 5
76 70.160705 96.075744 10 129 5
77 130.599779 37.332707 10 113 1
78 31.823723 97.155163 10 128 1
79 45.740271 22.624022 10 142 5
80 74.745669 64.671221 10 131 4
81 74.892525 87.887804 10 116 2
82 24.687304 57.322203 10 131 1
83 15.966190 133.047740 10 101 1
84 97.268751 52.234629 10 146 1
85 136.980155 44.293900 10 100 5
86 43.548259 56.355559 10 120 1
87 115.479934 116.603462 10 115 2
88 171.731061 53.178549 10 129 2
89 183.254809 38.432419 10 107 5
90 39.194725 80.579573 10 104 1
91 11.996580 66.863644 10 115 1
92 117.179547 50.875927 10 144 5
93 135.826156 77.397044 10 110 3
94 51.594392 116.761674 10 114 4
95 4.123875 132.895732 10 135 3
96 166.442993 34.126453 10 111 3
97 82.369881 105.731184 10 115 3
98 93.868040 49.769268 10 141 4
99 16.893606 86.334368 10 129 2
100 151.637534 76.152786 10 103 2
101 104.964065 46.773495 10 101 3
102 151.753569 26.943433 10 117 4
103 44.532204 51.922196 10 138 2
104 157.196428 51.649965 10 124 1
105 98.695944 59.855929 10 137 5
106 45.672989 7.085020 10 128 3
107 35.747646 51.533918 10 107 2
108 57.739079 117.930510 10 112 3
109 183.069959 57.870673 10 113 1
956
0 1
0 2
0 3
0 5
0 6
0 9
0 14
0 15
0 17
0 23
0 25
0 29
0 33
0 34
0 42
0 51
0 52
0 62
0 97
1 0
1 2
1 3
1 4
1 5
1 9
1 12
1 15
1 17
1 22
1 34
1 75
1 76
1 81
1 97
2 0
2 1
2 3
2 4
2 5
2 9
2 14
2 15
2 17
2 23
2 25
2 29
2 33
2 34
2 42
2 52
2 62
2 97
3 0
3 1
3 2
3 5
3 8
3 9
3 14
3 15
3 17
3 23
3 25
3 33
3 34
3 41
3 52
3 62
4 1
4 2
4 5
4 7
4 9
4 12
4 22
4 34
4 44
4 76
4 81
4 97
5 0
5 1
5 2
5 3
5 4
5 9
5 12
5 15
5 17
5 22
5 34
5 75
5 76
5 81
5 97
6 0
6 14
6 20
6 23
6 25
6 28
6 29
6 42
6 51
6 52
6 62
6 64
6 87
7 4
7 10
7 22
7 32
7 42
7 44
7 48
7 76
7 97
7 108
8 3
8 11
8 13
8 14
8 15
8 17
8 33
8 41
8 57
9 0
9 1
9 2
9 3
9 4
9 5
9 12
9 14
9 15
9 17
9 23
9 25
9 34
9 42
9 52
9 81
9 97
10 7
10 22
10 24
10 26
10 32
10 44
10 58
10 76
10 94
10 97
10 108
11 8
11 13
11 15
11 16
11 33
11 38
11 41
11 45
11 49
11 57
12 1
12 4
12 5
12 9
12 18
12 22
12 34
12 47
12 59
12 75
12 76
12 80
12 81
13 8
13 11
13 16
13 19
13 21
13 37
13 38
13 41
13 45
13 49
13 57
13 92
13 93
14 0
14 2
14 3
14 6
14 8
14 9
14 15
14 17
14 23
14 25
14 33
14 42
14 51
14 52
14 62
14 64
15 0
15 1
15 2
15 3
15 5
15 8
15 9
15 11
15 14
15 17
15 23
15 25
15 33
15 34
15 41
15 62
16 11
16 13
16 19
16 21
16 37
16 38
16 41
16 49
16 57
16 92
16 93
17 0
17 1
17 2
17 3
17 5
17 8
17 9
17 14
17 15
17 23
17 25
17 33
17 34
17 41
17 62
18 12
18 47
18 59
18 75
18 80
18 81
19 13
19 16
19 21
19 37
19 57
19 93
19 100
20 6
20 28
20 29
20 35
20 40
20 43
20 48
20 51
20 87
21 13
21 16
21 19
21 37
21 49
21 57
21 60
21 85
21 92
21 93
22 1
22 4
22 5
22 7
22 10
22 12
22 32
22 34
22 44
22 46
22 76
22 81
22 97
23 0
23 2
23 3
23 6
23 9
23 14
23 15
23 17
23 25
23 28
23 29
23 42
23 48
23 51
23 52
23 62
23 87
23 97
24 10
24 26
24 27
24 31
24 32
24 58
24 94
24 108
25 0
25 2
25 3
25 6
25 9
25 14
25 15
25 17
25 23
25 28
25 29
25 33
25 42
25 51
25 52
25 62
25 64
25 87
26 10
26 24
26 27
26 31
26 32
26 58
26 78
26 94
26 108
27 24
27 26
27 30
27 31
27 36
27 53
27 94
27 108
28 6
28 20
28 23
28 25
28 29
28 35
28 42
28 48
28 51
28 52
28 62
28 64
28 87
29 0
29 2
29 6
29 20
29 23
29 25
29 28
29 42
29 43
29 48
29 51
29 52
29 87
29 97
30 27
30 36
30 73
30 94
30 108
31 24
31 26
31 27
31 32
31 58
31 78
31 94
31 108
32 7
32 10
32 22
32 24
32 26
32 31
32 44
32 58
32 76
32 94
32 108
33 0
33 2
33 3
33 8
33 11
33 14
33 15
33 17
33 25
33 41
33 57
33 62
34 0
34 1
34 2
34 3
34 4
34 5
34 9
34 12
34 15
34 17
34 22
34 75
34 76
34 81
34 97
35 20
35 28
35 40
35 55
35 87
36 27
36 30
36 53
36 54
36 73
37 13
37 16
37 19
37 21
37 49
37 57
37 60
37 71
37 85
37 93
37 100
37 104
38 11
38 13
38 16
38 39
38 41
38 45
38 49
38 50
38 84
38 92
38 101
38 105
39 38
39 45
39 75
39 84
39 98
39 101
39 105
40 20
40 35
40 43
40 55
41 3
41 8
41 11
41 13
41 15
41 16
41 17
41 33
41 38
41 45
41 57
42 0
42 2
42 6
42 7
42 9
42 14
42 23
42 25
42 28
42 29
42 43
42 48
42 51
42 52
42 97
43 20
43 29
43 40
43 42
43 48
44 4
44 7
44 10
44 22
44 32
44 58
44 76
44 81
44 97
44 108
45 11
45 13
45 38
45 39
45 41
45 49
45 84
45 92
45 98
45 101
45 105
46 22
46 47
46 56
46 59
46 63
46 70
46 81
46 90
47 12
47 18
47 46
47 56
47 59
47 63
47 75
47 80
47 81
48 7
48 20
48 23
48 28
48 29
48 42
48 43
48 52
48 97
49 11
49 13
49 16
49 21
49 37
49 38
49 45
49 50
49 57
49 92
50 38
50 49
50 68
50 77
50 84
50 92
50 101
51 0
51 6
51 14
51 20
51 23
51 25
51 28
51 29
51 42
51 52
51 62
51 64
51 87
52 0
52 2
52 3
52 6
52 9
52 14
52 23
52 25
52 28
52 29
52 42
52 48
52 51
52 62
52 97
53 27
53 36
53 54
53 61
53 73
53 83
54 36
54 53
54 61
54 69
54 73
54 83
54 95
55 35
55 40
56 46
56 47
56 63
56 66
56 86
56 90
56 103
57 8
57 11
57 13
57 16
57 19
57 21
57 33
57 37
57 41
57 49
57 93
58 10
58 24
58 26
58 31
58 32
58 44
58 78
58 94
58 108
59 12
59 18
59 46
59 47
59 75
59 80
59 81
60 21
60 37
60 71
60 85
60 104
61 53
61 54
61 65
61 69
61 73
62 0
62 2
62 3
62 6
62 14
62 15
62 17
62 23
62 25
62 28
62 33
62 51
62 52
62 64
62 87
63 46
63 47
63 56
63 66
63 70
63 90
64 6
64 14
64 25
64 28
64 51
64 62
64 87
65 61
65 69
66 56
66 63
66 67
66 70
66 82
66 86
66 90
67 66
67 72
67 74
67 82
67 86
67 103
67 107
68 50
68 77
68 85
68 92
69 54
69 61
69 65
70 46
70 63
70 66
70 78
70 90
70 99
71 37
71 60
71 85
71 88
71 96
71 104
72 67
72 74
72 79
72 103
72 107
73 30
73 36
73 53
73 54
73 61
74 67
74 72
74 82
74 86
74 103
74 107
75 1
75 5
75 12
75 18
75 34
75 39
75 47
75 59
75 80
75 81
76 1
76 4
76 5
76 7
76 10
76 12
76 22
76 32
76 34
76 44
76 81
76 97
77 50
77 68
77 85
77 92
78 26
78 31
78 58
78 70
78 90
78 99
79 72
79 106
80 12
80 18
80 47
80 59
80 75
81 1
81 4
81 5
81 9
81 12
81 18
81 22
81 34
81 44
81 46
81 47
81 59
81 75
81 76
81 97
82 66
82 67
82 74
82 86
82 91
82 107
83 53
83 54
83 95
84 38
84 39
84 45
84 50
84 92
84 98
84 101
84 105
85 21
85 37
85 60
85 68
85 71
85 77
86 56
86 66
86 67
86 74
86 82
86 103
86 107
87 6
87 20
87 23
87 25
87 28
87 29
87 35
87 51
87 62
87 64
88 71
88 89
88 96
88 104
88 109
89 88
89 96
89 109
90 46
90 56
90 63
90 66
90 70
90 78
91 82
92 13
92 16
92 21
92 38
92 45
92 49
92 50
92 68
92 77
92 84
92 101
93 13
93 16
93 19
93 21
93 37
93 57
93 100
94 10
94 24
94 26
94 27
94 30
94 31
94 32
94 58
94 108
95 54
95 83
96 71
96 88
96 89
96 102
96 104
97 0
97 1
97 2
97 4
97 5
97 7
97 9
97 10
97 22
97 23
97 29
97 34
97 42
97 44
97 48
97 52
97 76
97 81
98 39
98 45
98 84
98 101
98 105
99 70
99 78
100 19
100 37
100 93
101 38
101 39
101 45
101 50
101 84
101 92
101 98
101 105
102 96
103 56
103 67
103 72
103 74
103 86
103 107
104 37
104 60
104 71
104 88
104 96
105 38
105 39
105 45
105 84
105 98
105 101
106 79
107 67
107 72
107 74
107 82
107 86
107 103
108 7
108 10
108 24
108 26
108 27
108 30
108 31
108 32
108 44
108 58
108 94
109 88
109 89
