4
2 1
120
0 100.000000 100.000000 15 99999999 1
1 79.140624 3.491754 15 117 3
2 166.029745 43.575763 15 135 1
3 46.630892 133.894591 15 126 1
4 175.237020 82.378979 15 111 5
5 98.479829 133.373495 15 146 2
6 25.355381 37.403663 15 129 4
7 8.628900 89.190025 15 116 1
8 90.557754 36.989981 15 103 1
9 144.337564 179.663132 15 109 1
10 14.501645 111.624391 15 105 1
11 7.397087 28.884823 15 139 5
12 142.044900 64.549760 15 103 1
13 123.705306 32.883921 15 111 1
14 190.965326 137.871396 15 114 1
15 29.360986 28.511877 15 102 5
16 157.304797 188.988959 15 140 1
17 33.663790 71.916023 15 143 1
18 112.686128 151.911729 15 110 4
19 88.471867 37.604272 15 144 4
20 69.343782 166.247462 15 141 5
21 109.509132 184.585119 15 100 3
22 159.737390 62.579445 15 116 5
23 181.032798 144.011918 15 118 2
24 46.753775 155.663914 15 113 1
25 93.957211 111.870592 15 148 1
26 104.712302 181.145349 15 146 1
27 67.388262 103.949958 15 111 4
28 192.548517 59.767180 15 103 4
29 121.972520 140.032691 15 125 1
30 37.839165 151.195296 15 103 4
31 158.954926 72.774957 15 125 1
32 96.547757 96.586214 15 131 2
33 153.536424 115.071374 15 145 5
34 60.874872 141.154573 15 125 1
35 134.333890 72.325016 15 121 5
36 56.301842 66.749326 15 144 1
37 160.546285 39.399541 15 125 1
38 153.905439 172.509467 15 125 5
39 75.375416 179.663564 15 124 2
40 74.601146 72.567477 15 111 5
41 125.510007 19.417721 15 101 1
42 153.432930 163.290853 15 149 3
43 120.815532 66.614082 15 140 3
44 52.168325 197.767837 15 132 4
45 67.707465 22.599287 15 140 3
46 70.283966 120.916794 15 108 4
47 134.846932 58.741722 15 139 3
48 128.150159 167.459057 15 100 1
49 76.348825 177.075058 15 107 1
50 89.131565 101.764823 15 127 1
51 194.830782 181.998491 15 135 1
52 105.834183 198.884816 15 134 2
53 49.771204 153.325228 15 104 1
54 100.657862 34.557644 15 101 4
55 84.491794 144.379124 15 136 1
56 198.166231 88.959955 15 141 3
57 41.029507 98.421259 15 138 3
58 38.417836 95.037637 15 137 3
59 181.417369 131.394731 15 123 4
60 183.431851 146.775904 15 110 1
61 54.771094 28.896718 15 147 5
62 36.809927 98.402630 15 100 3
63 108.999544 80.991777 15 134 2
64 45.590142 57.482953 15 139 1
65 121.678591 118.567600 15 104 1
66 161.684824 81.621659 15 149 5
67 84.609984 100.336993 15 132 3
68 26.041644 43.160173 15 146 1
69 123.448457 8.371591 15 110 3
70 193.500032 166.729079 15 135 1
71 44.121436 146.782298 15 149 1
72 67.121947 9.524597 15 115 1
73 196.951433 162.778367 15 106 2
74 155.924671 128.922830 15 137 3
75 126.222608 192.342425 15 117 2
76 4.302836 68.255790 15 132 5
77 27.881039 122.733120 15 118 4
78 40.623227 155.288182 15 101 3
79 103.158057 93.323529 15 102 3
80 168.333892 36.991299 15 125 3
81 107.510069 71.817284 15 137 2
82 12.675532 49.124921 15 106 2
83 21.367628 98.710235 15 142 5
84 180.527520 74.346206 15 114 1
85 189.216553 55.349859 15 103 1
86 87.829687 17.666157 15 132 1
87 117.423362 134.045272 15 124 1
88 56.415430 167.885780 15 131 3
89 111.138811 100.245369 15 122 4
90 176.839237 113.888822 15 139 5
91 52.881979 152.757549 15 125 4
92 106.260351 1.201748 15 105 3
93 123.417667 122.748569 15 106 4
94 15.176262 7.514880 15 147 4
95 80.311330 79.631581 15 109 5
96 112.926565 172.630311 15 119 5
97 125.641433 36.085782 15 142 1
98 101.571000 137.652462 15 107 3
99 103.458310 105.011285 15 119 4
100 182.146902 116.229842 15 108 1
101 193.002591 56.128109 15 138 1
102 124.408125 163.700525 15 149 5
103 140.165612 55.360764 15 113 5
104 51.720940 191.975340 15 136 2
105 108.473790 7.140306 15 138 2
106 162.529804 151.580717 15 131 2
107 118.728248 79.772757 15 130 1
108 191.001027 55.529898 15 117 5
109 78.390116 8.215889 15 144 2
110 159.921035 140.301287 15 125 2
111 141.546012 18.497109 15 112 2
112 143.860156 87.678817 15 134 2
113 85.310106 50.466003 15 146 2
114 90.242256 162.850100 15 140 1
115 193.670267 79.760213 15 132 1
116 122.151996 6.530725 15 106 1
117 183.410427 42.737643 15 149 1
118 42.091408 118.237919 15 142 3
119 144.567328 55.334654 15 130 2
910
0 25
0 32
0 50
0 63
0 65
0 67
0 79
0 81
0 89
0 95
0 99
0 107
1 45
1 72
1 86
1 92
1 105
1 109
2 22
2 37
2 80
2 85
2 101
2 103
2 108
2 117
2 119
3 24
3 30
3 34
3 46
3 53
3 71
3 77
3 78
3 91
3 118
4 22
4 28
4 31
4 56
4 66
4 84
4 115
5 18
5 25
5 29
5 55
5 65
5 87
5 93
5 98
5 99
6 11
6 15
6 64
6 68
6 82
7 10
7 62
7 76
7 83
8 19
8 45
8 54
8 86
8 113
9 16
9 38
9 42
9 48
9 75
9 102
10 7
10 57
10 58
10 62
10 77
10 83
10 118
11 6
11 15
11 68
11 82
11 94
12 22
12 31
12 35
12 43
12 47
12 66
12 103
12 107
12 112
12 119
13 41
13 47
13 54
13 69
13 97
13 103
13 105
13 111
13 116
14 23
14 59
14 60
14 70
14 73
14 90
14 100
15 6
15 11
15 61
15 68
15 82
15 94
16 9
16 38
16 42
17 36
17 57
17 58
17 62
17 64
17 68
17 76
17 83
18 5
18 29
18 48
18 55
18 87
18 96
18 98
18 102
18 114
19 8
19 45
19 54
19 86
19 113
20 24
20 34
20 39
20 49
20 53
20 55
20 88
20 91
20 114
21 26
21 48
21 52
21 75
21 96
21 102
21 114
22 2
22 4
22 12
22 31
22 35
22 37
22 47
22 66
22 80
22 84
22 103
22 112
22 119
23 14
23 59
23 60
23 70
23 73
23 74
23 100
23 106
23 110
24 3
24 20
24 30
24 34
24 53
24 71
24 78
24 88
24 91
25 0
25 5
25 27
25 32
25 46
25 50
25 65
25 67
25 79
25 89
25 98
25 99
26 21
26 39
26 48
26 49
26 52
26 75
26 96
26 102
26 114
27 25
27 46
27 50
27 57
27 67
27 95
27 118
28 4
28 56
28 84
28 85
28 101
28 108
28 115
28 117
29 5
29 18
29 48
29 65
29 87
29 93
29 98
29 102
30 3
30 24
30 34
30 53
30 71
30 78
30 88
30 91
31 4
31 12
31 22
31 35
31 47
31 66
31 84
31 103
31 112
31 119
32 0
32 25
32 50
32 63
32 67
32 79
32 81
32 89
32 95
32 99
32 107
33 74
33 90
33 100
33 110
33 112
34 3
34 20
34 24
34 30
34 46
34 53
34 55
34 71
34 78
34 88
34 91
34 118
35 12
35 22
35 31
35 43
35 47
35 63
35 66
35 81
35 103
35 107
35 112
35 119
36 17
36 40
36 64
36 95
37 2
37 22
37 80
37 103
37 111
37 117
37 119
38 9
38 16
38 42
38 48
38 106
39 20
39 26
39 44
39 49
39 88
39 104
39 114
40 36
40 67
40 95
40 113
41 13
41 54
41 69
41 92
41 97
41 105
41 111
41 116
42 9
42 16
42 38
42 48
42 102
42 106
42 110
43 12
43 35
43 47
43 63
43 81
43 103
43 107
43 119
44 39
44 104
45 1
45 8
45 19
45 61
45 72
45 86
45 109
46 3
46 25
46 27
46 34
46 50
46 55
46 67
46 118
47 12
47 13
47 22
47 31
47 35
47 43
47 97
47 103
47 107
47 119
48 9
48 18
48 21
48 26
48 29
48 38
48 42
48 75
48 96
48 102
49 20
49 26
49 39
49 88
49 104
49 114
50 0
50 25
50 27
50 32
50 46
50 63
50 67
50 79
50 89
50 95
50 99
51 70
51 73
52 21
52 26
52 75
52 96
53 3
53 20
53 24
53 30
53 34
53 71
53 78
53 88
53 91
54 8
54 13
54 19
54 41
54 86
54 97
54 105
54 113
55 5
55 18
55 20
55 34
55 46
55 98
55 114
56 4
56 28
56 84
56 115
57 10
57 17
57 27
57 58
57 62
57 77
57 83
57 118
58 10
58 17
58 57
58 62
58 77
58 83
58 118
59 14
59 23
59 60
59 74
59 90
59 100
59 106
59 110
60 14
60 23
60 59
60 70
60 73
60 106
60 110
61 15
61 45
61 72
62 7
62 10
62 17
62 57
62 58
62 77
62 83
62 118
63 0
63 32
63 35
63 43
63 50
63 79
63 81
63 89
63 95
63 99
63 107
64 6
64 17
64 36
64 68
65 0
65 5
65 25
65 29
65 87
65 89
65 93
65 98
65 99
66 4
66 12
66 22
66 31
66 35
66 84
66 112
67 0
67 25
67 27
67 32
67 40
67 46
67 50
67 79
67 89
67 95
67 99
68 6
68 11
68 15
68 17
68 64
68 82
69 13
69 41
69 92
69 97
69 105
69 111
69 116
70 14
70 23
70 51
70 60
70 73
71 3
71 24
71 30
71 34
71 53
71 77
71 78
71 88
71 91
71 118
72 1
72 45
72 61
72 86
72 109
73 14
73 23
73 51
73 60
73 70
74 23
74 33
74 59
74 90
74 100
74 106
74 110
75 9
75 21
75 26
75 48
75 52
75 96
75 102
76 7
76 17
76 82
77 3
77 10
77 57
77 58
77 62
77 71
77 83
77 118
78 3
78 24
78 30
78 34
78 53
78 71
78 88
78 91
79 0
79 25
79 32
79 50
79 63
79 67
79 81
79 89
79 95
79 99
79 107
80 2
80 22
80 37
80 85
80 108
80 117
81 0
81 32
81 35
81 43
81 63
81 79
81 89
81 95
81 107
82 6
82 11
82 15
82 68
82 76
83 7
83 10
83 17
83 57
83 58
83 62
83 77
83 118
84 4
84 22
84 28
84 31
84 56
84 66
84 85
84 101
84 108
84 115
85 2
85 28
85 80
85 84
85 101
85 108
85 115
85 117
86 1
86 8
86 19
86 45
86 54
86 72
86 92
86 105
86 109
87 5
87 18
87 29
87 65
87 93
87 98
88 20
88 24
88 30
88 34
88 39
88 49
88 53
88 71
88 78
88 91
88 104
89 0
89 25
89 32
89 50
89 63
89 65
89 67
89 79
89 81
89 93
89 99
89 107
90 14
90 33
90 59
90 74
90 100
91 3
91 20
91 24
91 30
91 34
91 53
91 71
91 78
91 88
92 1
92 41
92 69
92 86
92 105
92 109
92 116
93 5
93 29
93 65
93 87
93 89
93 98
93 99
94 11
94 15
95 0
95 27
95 32
95 36
95 40
95 50
95 63
95 67
95 79
95 81
95 113
96 18
96 21
96 26
96 48
96 52
96 75
96 102
96 114
97 13
97 41
97 47
97 54
97 69
97 103
97 111
97 116
97 119
98 5
98 18
98 25
98 29
98 55
98 65
98 87
98 93
98 114
99 0
99 5
99 25
99 32
99 50
99 63
99 65
99 67
99 79
99 89
99 93
99 107
100 14
100 23
100 33
100 59
100 74
100 90
101 2
101 28
101 84
101 85
101 108
101 115
101 117
102 9
102 18
102 21
102 26
102 29
102 42
102 48
102 75
102 96
103 2
103 12
103 13
103 22
103 31
103 35
103 37
103 43
103 47
103 97
103 119
104 39
104 44
104 49
104 88
105 1
105 13
105 41
105 54
105 69
105 86
105 92
105 116
106 23
106 38
106 42
106 59
106 60
106 74
106 110
107 0
107 12
107 32
107 35
107 43
107 47
107 63
107 79
107 81
107 89
107 99
107 112
108 2
108 28
108 80
108 84
108 85
108 101
108 115
108 117
109 1
109 45
109 72
109 86
109 92
110 23
110 33
110 42
110 59
110 60
110 74
110 106
111 13
111 37
111 41
111 69
111 97
111 116
112 12
112 22
112 31
112 33
112 35
112 66
112 107
113 8
113 19
113 40
113 54
113 95
114 18
114 20
114 21
114 26
114 39
114 49
114 55
114 96
114 98
115 4
115 28
115 56
115 84
115 85
115 101
115 108
116 13
116 41
116 69
116 92
116 97
116 105
116 111
117 2
117 28
117 37
117 80
117 85
117 101
117 108
118 3
118 10
118 27
118 34
118 46
118 57
118 58
118 62
118 71
118 77
118 83
119 2
119 12
119 22
119 31
119 35
119 37
119 43
119 47
119 97
119 103
