4
2 1
120
0 100.000000 100.000000 10 99999999 4
1 153.905965 34.504165 10 143 2
2 105.522003 39.301666 10 126 2
3 55.700116 38.730134 10 118 1
4 44.089415 93.885244 10 135 5
5 132.254059 53.184166 10 128 3
6 80.789123 95.378268 10 110 2
7 95.502176 22.229838 10 135 3
8 22.887081 80.958785 10 148 5
9 88.545016 22.513941 10 142 5
10 116.295634 78.575496 10 143 5
11 107.814059 15.169228 10 135 4
12 58.427833 108.693756 10 100 3
13 52.107786 100.332001 10 140 5
14 134.440533 87.849224 10 125 1
15 161.145674 22.212852 10 122 2
16 18.895470 88.955293 10 128 3
17 71.726814 84.774190 10 149 1
18 114.273198 84.205989 10 103 1
19 118.466424 99.143438 10 125 3
20 105.095860 51.326281 10 149 3
21 116.208819 61.156724 10 139 3
22 58.905407 101.757438 10 140 5
23 77.738133 29.766980 10 129 4
24 67.782430 42.221014 10 110 5
25 54.883017 58.033198 10 116 4
26 141.440015 44.416280 10 139 1
27 115.227652 34.245960 10 142 1
28 14.787534 94.621120 10 146 1
29 67.098428 92.670524 10 100 5
30 99.104638 86.675139 10 137 2
31 97.399747 37.097311 10 111 4
32 33.280122 95.095205 10 117 1
33 77.370109 24.916494 10 135 3
34 69.141476 93.580367 10 116 4
35 22.112839 84.836607 10 122 1
36 133.576272 71.158322 10 123 2
37 138.524090 80.521081 10 107 2
38 148.863958 39.685175 10 111 4
39 68.505062 78.176416 10 130 2
40 92.884738 78.821303 10 119 4
41 93.309281 88.711586 10 148 1
42 90.927457 14.878921 10 139 3
43 118.244115 34.349289 10 141 1
44 93.097333 87.264013 10 120 2
45 133.232667 25.440187 10 149 2
46 136.826619 12.792432 10 104 5
47 85.842640 49.495443 10 122 2
48 44.657949 25.408706 10 104 5
49 113.954974 83.292025 10 117 5
50 71.052432 22.430450 10 134 4
51 14.700294 87.056838 10 111 4
52 77.095257 86.822990 10 128 4
53 157.170405 81.974572 10 112 3
54 40.427813 74.613679 10 120 3
55 133.999205 36.568095 10 149 2
56 54.571623 79.430096 10 102 5
57 148.610219 22.688139 10 123 2
58 144.079404 76.256283 10 116 1
59 146.647727 85.030029 10 139 1
60 86.482873 90.574940 10 104 1
61 117.585646 17.693344 10 141 1
62 109.933249 106.736491 10 122 1
63 35.922298 105.423682 10 109 5
64 152.238656 94.732202 10 149 2
65 124.562785 87.734317 10 124 3
66 16.253524 83.635280 10 145 1
67 39.870334 56.630076 10 142 3
68 56.701783 82.751286 10 130 1
69 126.694233 93.962128 10 142 3
70 36.972923 122.123651 10 105 4
71 118.599860 83.899508 10 107 2
72 28.451930 134.484454 10 110 1
73 26.775593 45.829271 10 126 4
74 62.636155 125.732054 10 133 1
75 117.604842 120.032048 10 144 2
76 153.949812 24.781689 10 121 3
77 70.827798 121.700821 10 140 2
78 46.582435 50.424837 10 118 1
79 27.490009 137.483777 10 100 5
80 77.999532 37.515479 10 111 5
81 26.399917 78.662537 10 120 5
82 18.130722 35.542889 10 105 4
83 165.769944 15.090921 10 113 2
84 57.384464 24.663733 10 102 4
85 9.988346 97.097130 10 114 2
86 115.187109 134.261990 10 106 4
87 159.731286 110.282447 10 136 4
88 161.296187 33.197215 10 143 2
89 109.699988 140.786384 10 118 4
90 42.464719 33.596667 10 127 1
91 57.601748 120.031531 10 119 1
92 47.327505 34.816853 10 123 1
93 48.420454 35.964483 10 110 4
94 18.004091 147.925298 10 115 5
95 152.666117 8.768367 10 111 4
96 63.126712 23.418508 10 129 5
97 4.625502 115.740024 10 111 2
98 161.454148 104.265446 10 123 5
99 111.822099 134.386317 10 142 2
100 51.609481 76.595114 10 120 1
101 153.901388 67.314298 10 119 1
102 19.922941 66.591835 10 139 1
103 122.739394 82.353513 10 146 4
104 37.884430 7.034933 10 111 2
105 56.656746 117.578791 10 115 1
106 87.427150 26.691963 10 143 2
107 39.436582 9.445195 10 105 5
108 144.871120 89.444198 10 104 1
109 22.002087 53.499769 10 145 1
110 102.626156 28.316865 10 105 3
111 127.266368 139.354339 10 120 2
112 66.416445 105.872654 10 121 1
113 5.154711 78.922206 10 123 5
114 153.006928 24.201471 10 108 2
115 96.960630 66.216595 10 125 3
116 111.760660 54.593787 10 143 4
117 48.015485 99.121227 10 132 1
118 97.561426 24.290337 10 132 1
119 34.910159 33.439294 10 123 1
842
0 6
0 19
0 30
0 41
0 44
0 60
0 62
1 15
1 26
1 38
1 57
1 76
1 88
1 114
2 7
2 20
2 27
2 31
2 43
2 110
2 116
2 118
3 24
3 25
3 48
3 78
3 84
3 90
3 92
3 93
3 96
4 13
4 22
4 32
4 54
4 56
4 63
4 68
4 100
4 117
5 21
5 26
5 36
5 55
6 0
6 17
6 29
6 34
6 41
6 44
6 52
6 60
6 112
7 2
7 9
7 11
7 23
7 31
7 33
7 42
7 106
7 110
7 118
8 16
8 28
8 32
8 35
8 51
8 54
8 66
8 81
8 102
8 113
9 7
9 23
9 31
9 33
9 42
9 50
9 80
9 106
9 110
9 118
10 18
10 21
10 30
10 36
10 49
10 65
10 69
10 71
10 103
11 7
11 42
11 61
11 110
11 118
12 13
12 22
12 29
12 34
12 74
12 77
12 91
12 105
12 112
12 117
13 4
13 12
13 22
13 29
13 32
13 34
13 63
13 68
13 105
13 112
13 117
14 19
14 36
14 37
14 58
14 59
14 64
14 65
14 69
14 71
14 103
14 108
15 1
15 57
15 76
15 83
15 88
15 95
15 114
16 8
16 28
16 32
16 35
16 51
16 66
16 81
16 85
16 113
17 6
17 29
17 34
17 39
17 52
17 56
17 60
17 68
18 10
18 19
18 30
18 49
18 65
18 69
18 71
18 103
19 0
19 14
19 18
19 49
19 62
19 65
19 69
19 71
19 103
20 2
20 21
20 27
20 31
20 47
20 115
20 116
21 5
21 10
21 20
21 115
21 116
22 4
22 12
22 13
22 29
22 34
22 68
22 91
22 105
22 112
22 117
23 7
23 9
23 24
23 33
23 42
23 50
23 80
23 96
23 106
24 3
24 23
24 33
24 47
24 80
24 96
25 3
25 67
25 78
25 100
26 1
26 5
26 38
26 55
27 2
27 20
27 31
27 43
27 55
27 61
27 110
28 8
28 16
28 32
28 35
28 51
28 66
28 81
28 85
28 113
29 6
29 12
29 13
29 17
29 22
29 34
29 39
29 52
29 56
29 60
29 68
29 112
30 0
30 10
30 18
30 40
30 41
30 44
30 49
30 60
30 71
31 2
31 7
31 9
31 20
31 27
31 47
31 80
31 106
31 110
31 118
32 4
32 8
32 13
32 16
32 28
32 35
32 63
32 81
32 117
33 7
33 9
33 23
33 24
33 42
33 50
33 80
33 84
33 96
33 106
34 6
34 12
34 13
34 17
34 22
34 29
34 39
34 52
34 60
34 68
34 112
35 8
35 16
35 28
35 32
35 51
35 66
35 81
35 85
35 102
35 113
36 5
36 10
36 14
36 37
36 58
36 59
36 65
36 71
36 103
37 14
37 36
37 53
37 58
37 59
37 64
37 65
37 69
37 103
37 108
38 1
38 26
38 55
38 57
38 76
38 88
38 114
39 17
39 29
39 34
39 52
39 56
39 68
39 100
40 30
40 41
40 44
40 52
40 60
40 115
41 0
41 6
41 30
41 40
41 44
41 52
41 60
42 7
42 9
42 11
42 23
42 33
42 106
42 110
42 118
43 2
43 27
43 45
43 55
43 61
43 110
44 0
44 6
44 30
44 40
44 41
44 52
44 60
45 43
45 46
45 55
45 57
45 61
45 114
46 45
46 57
46 61
46 95
46 114
47 20
47 24
47 31
47 80
48 3
48 84
48 90
48 92
48 93
48 96
48 104
48 107
48 119
49 10
49 18
49 19
49 30
49 65
49 69
49 71
49 103
50 9
50 23
50 33
50 80
50 84
50 96
50 106
51 8
51 16
51 28
51 35
51 66
51 81
51 85
51 113
52 6
52 17
52 29
52 34
52 39
52 40
52 41
52 44
52 60
53 37
53 58
53 59
53 64
53 101
53 108
54 4
54 8
54 56
54 67
54 68
54 81
54 100
55 5
55 26
55 27
55 38
55 43
55 45
56 4
56 17
56 29
56 39
56 54
56 68
56 100
57 1
57 15
57 38
57 45
57 46
57 76
57 83
57 88
57 95
57 114
58 14
58 36
58 37
58 53
58 59
58 101
58 108
59 14
59 36
59 37
59 53
59 58
59 64
59 101
59 108
60 0
60 6
60 17
60 29
60 30
60 34
60 40
60 41
60 44
60 52
61 11
61 27
61 43
61 45
61 46
61 110
62 0
62 19
62 75
63 4
63 13
63 32
63 70
63 117
64 14
64 37
64 53
64 59
64 87
64 98
64 108
65 10
65 14
65 18
65 19
65 36
65 37
65 49
65 69
65 71
65 103
66 8
66 16
66 28
66 35
66 51
66 81
66 85
66 102
66 113
67 25
67 54
67 73
67 78
67 109
68 4
68 13
68 17
68 22
68 29
68 34
68 39
68 54
68 56
68 100
68 117
69 10
69 14
69 18
69 19
69 37
69 49
69 65
69 71
69 103
69 108
70 63
70 72
70 79
71 10
71 14
71 18
71 19
71 30
71 36
71 49
71 65
71 69
71 103
72 70
72 79
72 94
73 67
73 82
73 90
73 109
73 119
74 12
74 77
74 91
74 105
75 62
75 86
75 99
76 1
76 15
76 38
76 57
76 83
76 88
76 95
76 114
77 12
77 74
77 91
77 105
77 112
78 3
78 25
78 67
78 90
78 92
78 93
79 70
79 72
79 94
80 9
80 23
80 24
80 31
80 33
80 47
80 50
80 106
81 8
81 16
81 28
81 32
81 35
81 51
81 54
81 66
81 102
82 73
82 109
82 119
83 15
83 57
83 76
83 88
83 95
83 114
84 3
84 33
84 48
84 50
84 90
84 92
84 93
84 96
85 16
85 28
85 35
85 51
85 66
85 97
85 113
86 75
86 89
86 99
86 111
87 64
87 98
88 1
88 15
88 38
88 57
88 76
88 83
88 114
89 86
89 99
89 111
90 3
90 48
90 73
90 78
90 84
90 92
90 93
90 119
91 12
91 22
91 74
91 77
91 105
91 112
92 3
92 48
92 78
92 84
92 90
92 93
92 96
92 119
93 3
93 48
93 78
93 84
93 90
93 92
93 96
93 119
94 72
94 79
95 15
95 46
95 57
95 76
95 83
95 114
96 3
96 23
96 24
96 33
96 48
96 50
96 84
96 92
96 93
97 85
98 64
98 87
99 75
99 86
99 89
99 111
100 4
100 25
100 39
100 54
100 56
100 68
101 53
101 58
101 59
102 8
102 35
102 66
102 81
102 109
102 113
103 10
103 14
103 18
103 19
103 36
103 37
103 49
103 65
103 69
103 71
104 48
104 107
105 12
105 13
105 22
105 74
105 77
105 91
105 112
106 7
106 9
106 23
106 31
106 33
106 42
106 50
106 80
106 110
106 118
107 48
107 104
108 14
108 37
108 53
108 58
108 59
108 64
108 69
109 67
109 73
109 82
109 102
110 2
110 7
110 9
110 11
110 27
110 31
110 42
110 43
110 61
110 106
110 118
111 86
111 89
111 99
112 6
112 12
112 13
112 22
112 29
112 34
112 77
112 91
112 105
112 117
113 8
113 16
113 28
113 35
113 51
113 66
113 85
113 102
114 1
114 15
114 38
114 45
114 46
114 57
114 76
114 83
114 88
114 95
115 20
115 21
115 40
115 116
116 2
116 20
116 21
116 115
117 4
117 12
117 13
117 22
117 32
117 63
117 68
117 112
118 2
118 7
118 9
118 11
118 31
118 42
118 106
118 110
119 48
119 73
119 82
119 90
119 92
119 93
