4
2 1
140
0 100.000000 100.000000 15 99999999 2
1 46.200434 146.378654 15 146 1
2 41.264915 41.773475 15 103 2
3 164.232316 89.867120 15 102 3
4 194.547405 187.231441 15 147 2
5 65.454818 1.425130 15 143 4
6 102.580656 93.205524 15 104 1
7 21.553621 118.597024 15 109 3
8 188.179741 77.759150 15 124 3
9 74.692349 180.034331 15 105 3
10 138.329802 133.743779 15 140 2
11 25.369141 60.472118 15 144 2
12 10.072597 199.472947 15 112 5
13 95.373694 9.530566 15 127 4
14 132.943840 27.989051 15 107 2
15 64.765544 163.450403 15 124 5
16 140.758535 94.151894 15 127 2
17 84.767641 88.249420 15 123 2
18 94.226051 125.621981 15 108 1
19 119.775277 19.908835 15 104 2
20 173.196636 106.825324 15 117 2
21 182.150955 95.466355 15 115 4
22 161.118686 71.082479 15 143 2
23 18.876084 27.565662 15 101 5
24 179.773935 186.947490 15 133 2
25 84.032213 117.747976 15 128 4
26 110.830054 119.420226 15 132 5
27 115.198943 7.277521 15 117 4
28 76.792137 196.693235 15 135 2
29 158.700625 42.208158 15 131 5
30 169.259837 182.332024 15 101 3
31 157.412832 126.711404 15 112 2
32 77.042665 59.020554 15 114 1
33 175.582402 18.075768 15 136 5
34 0.029127 194.230772 15 126 3
35 71.308545 38.896148 15 133 4
36 180.430497 112.291652 15 112 4
37 8.004280 91.985073 15 139 3
38 174.743728 16.728623 15 126 2
39 172.945955 121.237018 15 122 1
40 32.622103 131.377569 15 138 3
41 136.201863 178.715725 15 129 4
42 174.968211 161.357727 15 141 3
43 76.496527 86.847101 15 110 1
44 120.118873 11.419265 15 112 4
45 89.737375 32.929959 15 134 3
46 27.835324 50.679118 15 105 1
47 71.080100 21.454982 15 113 2
48 53.162816 64.971387 15 148 3
49 142.520030 178.824306 15 145 4
50 172.931532 111.090923 15 110 5
51 35.061527 70.899822 15 148 3
52 0.536927 105.450644 15 132 3
53 173.728819 41.637120 15 104 2
54 188.574645 44.182542 15 118 4
55 89.584868 38.781023 15 128 5
56 187.214752 146.672256 15 129 5
57 117.189697 79.005536 15 136 3
58 21.319081 94.730084 15 145 3
59 199.114624 168.473213 15 127 2
60 26.767571 180.400934 15 112 3
61 71.014099 9.720621 15 133 4
62 7.437659 23.952215 15 146 4
63 191.261491 38.309711 15 119 5
64 149.963215 100.736327 15 111 3
65 55.766237 101.933674 15 100 2
66 36.001754 15.447600 15 125 4
67 58.044798 63.503766 15 142 5
68 169.593740 45.175597 15 118 4
69 135.143888 122.622747 15 140 4
70 130.168235 4.025904 15 122 3
71 14.976960 123.541311 15 125 2
72 129.218601 163.671013 15 124 1
73 52.585062 185.255502 15 133 1
74 156.039408 151.753165 15 110 2
75 161.658485 169.847965 15 140 2
76 184.842617 103.810506 15 115 1
77 47.446604 87.557190 15 116 3
78 47.060014 90.172232 15 108 4
79 164.379271 119.315594 15 146 1
80 99.426483 148.098576 15 133 2
81 196.058963 37.994166 15 103 5
82 168.343543 87.251514 15 110 5
83 14.422309 26.811217 15 132 4
84 8.359402 131.108993 15 144 3
85 180.780742 0.928726 15 131 5
86 86.930015 177.662737 15 114 5
87 161.831924 100.374874 15 123 4
88 125.110571 40.932300 15 139 3
89 97.652859 174.202681 15 132 5
90 173.990389 26.950589 15 107 4
91 49.520265 65.139903 15 105 2
92 5.563221 25.465039 15 144 2
93 120.603710 150.388373 15 147 3
94 8.850339 16.319085 15 105 3
95 181.315696 33.378492 15 123 1
96 133.496222 143.021834 15 135 3
97 141.948793 88.122143 15 128 3
98 38.046631 12.583711 15 135 1
99 187.678370 87.199162 15 103 3
100 80.507710 186.325403 15 145 4
101 119.191948 22.765631 15 122 5
102 11.875945 155.526230 15 100 4
103 3.015524 152.653333 15 122 3
104 75.294279 149.643698 15 107 5
105 94.747286 11.723745 15 142 5
106 137.631216 139.279847 15 103 4
107 156.161405 127.392397 15 134 2
108 172.877419 169.648772 15 148 1
109 129.663067 44.169478 15 107 2
110 182.856890 188.563650 15 105 4
111 126.686108 131.931357 15 102 2
112 141.777949 138.889801 15 115 2
113 3.676818 137.242914 15 111 3
114 24.964640 104.717995 15 115 4
115 85.027457 95.298281 15 143 4
116 154.188134 167.940202 15 126 1
117 146.783545 5.387287 15 122 3
118 64.274460 192.091763 15 131 1
119 122.759689 143.197380 15 136 1
120 129.311119 102.790361 15 122 2
121 32.827476 45.367851 15 100 2
122 120.754321 162.480856 15 140 5
123 161.047858 32.263474 15 104 3
124 36.695576 40.942732 15 146 1
125 120.888025 123.005975 15 142 4
126 66.578054 181.784342 15 142 5
127 85.613959 123.837861 15 142 4
128 48.499123 123.246138 15 115 3
129 168.489323 74.169631 15 113 2
130 186.012065 50.319949 15 130 1
131 124.524936 11.767280 15 104 4
132 59.038105 29.491333 15 130 5
133 161.526751 62.488845 15 139 3
134 183.701564 6.425617 15 132 3
135 163.315374 128.396182 15 128 2
136 160.741563 116.211475 15 131 2
137 65.655988 69.812743 15 105 1
138 30.321369 23.479383 15 130 1
139 169.928722 62.734573 15 127 1
1280
0 6
0 17
0 18
0 25
0 26
0 43
0 57
0 115
0 120
0 127
1 15
1 40
1 104
1 128
2 11
2 23
2 46
2 48
2 51
2 66
2 67
2 91
2 98
2 121
2 124
2 132
2 138
3 8
3 16
3 20
3 21
3 22
3 36
3 50
3 64
3 76
3 79
3 82
3 87
3 97
3 99
3 129
3 133
3 136
3 139
4 24
4 30
4 59
4 108
4 110
5 47
5 61
5 98
5 132
6 0
6 17
6 26
6 43
6 57
6 115
6 120
7 37
7 40
7 52
7 58
7 71
7 84
7 113
7 114
7 128
8 3
8 21
8 22
8 76
8 82
8 99
8 129
8 130
8 139
9 15
9 28
9 73
9 86
9 89
9 100
9 118
9 126
10 31
10 69
10 74
10 79
10 93
10 96
10 106
10 107
10 111
10 112
10 119
10 125
10 135
10 136
11 2
11 46
11 48
11 51
11 91
11 121
11 124
12 34
12 60
13 19
13 27
13 44
13 45
13 47
13 55
13 61
13 101
13 105
13 131
14 19
14 27
14 29
14 44
14 70
14 88
14 101
14 109
14 117
14 123
14 131
15 1
15 9
15 73
15 86
15 100
15 104
15 118
15 126
16 3
16 57
16 64
16 69
16 82
16 87
16 97
16 120
16 136
17 0
17 6
17 25
17 43
17 115
17 137
18 0
18 25
18 26
18 80
18 125
18 127
19 13
19 14
19 27
19 44
19 70
19 88
19 101
19 105
19 109
19 131
20 3
20 21
20 31
20 36
20 39
20 50
20 64
20 76
20 79
20 82
20 87
20 99
20 107
20 135
20 136
21 3
21 8
21 20
21 36
21 39
21 50
21 76
21 79
21 82
21 87
21 99
21 129
21 136
22 3
22 8
22 29
22 68
22 82
22 87
22 97
22 129
22 133
22 139
23 2
23 46
23 62
23 66
23 83
23 92
23 94
23 98
23 121
23 124
23 138
24 4
24 30
24 42
24 59
24 75
24 108
24 110
25 0
25 17
25 18
25 26
25 115
25 127
26 0
26 6
26 18
26 25
26 69
26 111
26 119
26 120
26 125
26 127
27 13
27 14
27 19
27 44
27 70
27 101
27 105
27 131
28 9
28 73
28 86
28 100
28 118
28 126
29 14
29 22
29 33
29 53
29 54
29 68
29 90
29 95
29 109
29 123
29 130
29 133
29 139
30 4
30 24
30 42
30 49
30 75
30 108
30 110
30 116
31 10
31 20
31 36
31 39
31 50
31 64
31 69
31 74
31 79
31 87
31 96
31 106
31 107
31 112
31 135
31 136
32 35
32 43
32 45
32 48
32 55
32 67
32 91
32 137
33 29
33 38
33 53
33 54
33 63
33 68
33 81
33 85
33 90
33 95
33 123
33 134
34 12
35 32
35 45
35 47
35 55
35 61
35 67
35 132
36 3
36 20
36 21
36 31
36 39
36 50
36 76
36 79
36 82
36 87
36 99
36 107
36 135
36 136
37 7
37 52
37 58
37 114
38 33
38 53
38 63
38 68
38 85
38 90
38 95
38 123
38 134
39 20
39 21
39 31
39 36
39 50
39 56
39 76
39 79
39 87
39 107
39 135
39 136
40 1
40 7
40 71
40 84
40 113
40 114
40 128
41 49
41 72
41 75
41 116
41 122
42 24
42 30
42 56
42 59
42 74
42 75
42 108
42 110
42 116
43 0
43 6
43 17
43 32
43 65
43 67
43 77
43 78
43 115
43 137
44 13
44 14
44 19
44 27
44 70
44 88
44 101
44 105
44 117
44 131
45 13
45 32
45 35
45 47
45 55
45 61
45 105
46 2
46 11
46 23
46 48
46 51
46 83
46 91
46 121
46 124
46 138
47 5
47 13
47 35
47 45
47 55
47 61
47 105
47 132
48 2
48 11
48 32
48 46
48 51
48 67
48 77
48 78
48 91
48 121
48 124
48 137
49 30
49 41
49 72
49 75
49 116
49 122
50 3
50 20
50 21
50 31
50 36
50 39
50 64
50 76
50 79
50 82
50 87
50 99
50 107
50 135
50 136
51 2
51 11
51 46
51 48
51 58
51 67
51 77
51 78
51 91
51 121
52 7
52 37
52 58
52 71
52 84
52 114
53 29
53 33
53 38
53 54
53 63
53 68
53 81
53 90
53 95
53 123
53 130
53 133
53 139
54 29
54 33
54 53
54 63
54 68
54 81
54 90
54 95
54 123
54 130
54 139
55 13
55 32
55 35
55 45
55 47
55 105
56 39
56 42
56 59
56 108
57 0
57 6
57 16
57 97
57 120
58 7
58 37
58 51
58 52
58 71
58 77
58 78
58 114
59 4
59 24
59 42
59 56
59 108
59 110
60 12
60 73
60 102
61 5
61 13
61 35
61 45
61 47
61 105
61 132
62 23
62 66
62 83
62 92
62 94
62 138
63 33
63 38
63 53
63 54
63 68
63 81
63 90
63 95
63 130
64 3
64 16
64 20
64 31
64 50
64 69
64 79
64 82
64 87
64 97
64 107
64 120
64 136
65 43
65 77
65 78
65 128
66 2
66 23
66 62
66 83
66 94
66 98
66 124
66 132
66 138
67 2
67 32
67 35
67 43
67 48
67 51
67 77
67 78
67 91
67 137
68 22
68 29
68 33
68 38
68 53
68 54
68 63
68 81
68 90
68 95
68 123
68 129
68 130
68 133
68 139
69 10
69 16
69 26
69 31
69 64
69 79
69 96
69 106
69 107
69 111
69 112
69 119
69 120
69 125
69 135
69 136
70 14
70 19
70 27
70 44
70 101
70 117
70 131
71 7
71 40
71 52
71 58
71 84
71 113
71 114
72 41
72 49
72 74
72 93
72 96
72 106
72 112
72 116
72 119
72 122
73 9
73 15
73 28
73 60
73 100
73 118
73 126
74 10
74 31
74 42
74 72
74 75
74 96
74 106
74 107
74 108
74 112
74 116
74 135
75 24
75 30
75 41
75 42
75 49
75 74
75 108
75 110
75 116
76 3
76 8
76 20
76 21
76 36
76 39
76 50
76 79
76 82
76 87
76 99
76 136
77 43
77 48
77 51
77 58
77 65
77 67
77 78
77 91
77 114
77 137
78 43
78 48
78 51
78 58
78 65
78 67
78 77
78 91
78 114
78 137
79 3
79 10
79 20
79 21
79 31
79 36
79 39
79 50
79 64
79 69
79 76
79 87
79 107
79 112
79 135
79 136
80 18
80 89
80 93
80 104
80 119
80 122
80 127
81 33
81 53
81 54
81 63
81 68
81 90
81 95
81 130
82 3
82 8
82 16
82 20
82 21
82 22
82 36
82 50
82 64
82 76
82 87
82 97
82 99
82 129
82 133
82 136
82 139
83 23
83 46
83 62
83 66
83 92
83 94
83 98
83 121
83 124
83 138
84 7
84 40
84 52
84 71
84 102
84 103
84 113
85 33
85 38
85 90
85 134
86 9
86 15
86 28
86 89
86 100
86 118
86 126
87 3
87 16
87 20
87 21
87 22
87 31
87 36
87 39
87 50
87 64
87 76
87 79
87 82
87 97
87 99
87 107
87 129
87 135
87 136
88 14
88 19
88 44
88 101
88 109
88 131
89 9
89 80
89 86
89 100
89 122
90 29
90 33
90 38
90 53
90 54
90 63
90 68
90 81
90 85
90 95
90 123
90 130
90 134
91 2
91 11
91 32
91 46
91 48
91 51
91 67
91 77
91 78
91 121
91 124
91 137
92 23
92 62
92 83
92 94
92 138
93 10
93 72
93 80
93 96
93 106
93 111
93 112
93 119
93 122
93 125
94 23
94 62
94 66
94 83
94 92
94 98
94 138
95 29
95 33
95 38
95 53
95 54
95 63
95 68
95 81
95 90
95 123
95 130
95 134
96 10
96 31
96 69
96 72
96 74
96 93
96 106
96 107
96 111
96 112
96 119
96 122
96 125
97 3
97 16
97 22
97 57
97 64
97 82
97 87
97 120
97 129
98 2
98 5
98 23
98 66
98 83
98 94
98 124
98 132
98 138
99 3
99 8
99 20
99 21
99 36
99 50
99 76
99 82
99 87
99 129
100 9
100 15
100 28
100 73
100 86
100 89
100 118
100 126
101 13
101 14
101 19
101 27
101 44
101 70
101 88
101 105
101 109
101 131
102 60
102 84
102 103
102 113
103 84
103 102
103 113
104 1
104 15
104 80
104 127
105 13
105 19
105 27
105 44
105 45
105 47
105 55
105 61
105 101
105 131
106 10
106 31
106 69
106 72
106 74
106 93
106 96
106 107
106 111
106 112
106 119
106 122
106 125
106 135
107 10
107 20
107 31
107 36
107 39
107 50
107 64
107 69
107 74
107 79
107 87
107 96
107 106
107 111
107 112
107 135
107 136
108 4
108 24
108 30
108 42
108 56
108 59
108 74
108 75
108 110
108 116
109 14
109 19
109 29
109 88
109 101
110 4
110 24
110 30
110 42
110 59
110 75
110 108
111 10
111 26
111 69
111 93
111 96
111 106
111 107
111 112
111 119
111 120
111 125
112 10
112 31
112 69
112 72
112 74
112 79
112 93
112 96
112 106
112 107
112 111
112 119
112 125
112 135
112 136
113 7
113 40
113 71
113 84
113 102
113 103
114 7
114 37
114 40
114 52
114 58
114 71
114 77
114 78
114 128
115 0
115 6
115 17
115 25
115 43
115 127
116 30
116 41
116 42
116 49
116 72
116 74
116 75
116 108
117 14
117 44
117 70
117 131
118 9
118 15
118 28
118 73
118 86
118 100
118 126
119 10
119 26
119 69
119 72
119 80
119 93
119 96
119 106
119 111
119 112
119 122
119 125
120 0
120 6
120 16
120 26
120 57
120 64
120 69
120 97
120 111
120 125
121 2
121 11
121 23
121 46
121 48
121 51
121 83
121 91
121 124
121 138
122 41
122 49
122 72
122 80
122 89
122 93
122 96
122 106
122 119
123 14
123 29
123 33
123 38
123 53
123 54
123 68
123 90
123 95
124 2
124 11
124 23
124 46
124 48
124 66
124 83
124 91
124 98
124 121
124 132
124 138
125 10
125 18
125 26
125 69
125 93
125 96
125 106
125 111
125 112
125 119
125 120
126 9
126 15
126 28
126 73
126 86
126 100
126 118
127 0
127 18
127 25
127 26
127 80
127 104
127 115
128 1
128 7
128 40
128 65
128 114
129 3
129 8
129 21
129 22
129 68
129 82
129 87
129 97
129 99
129 130
129 133
129 139
130 8
130 29
130 53
130 54
130 63
130 68
130 81
130 90
130 95
130 129
130 133
130 139
131 13
131 14
131 19
131 27
131 44
131 70
131 88
131 101
131 105
131 117
132 2
132 5
132 35
132 47
132 61
132 66
132 98
132 124
132 138
133 3
133 22
133 29
133 53
133 68
133 82
133 129
133 130
133 139
134 33
134 38
134 85
134 90
134 95
135 10
135 20
135 31
135 36
135 39
135 50
135 69
135 74
135 79
135 87
135 106
135 107
135 112
135 136
136 3
136 10
136 16
136 20
136 21
136 31
136 36
136 39
136 50
136 64
136 69
136 76
136 79
136 82
136 87
136 107
136 112
136 135
137 17
137 32
137 43
137 48
137 67
137 77
137 78
137 91
138 2
138 23
138 46
138 62
138 66
138 83
138 92
138 94
138 98
138 121
138 124
138 132
139 3
139 8
139 22
139 29
139 53
139 54
139 68
139 82
139 129
139 130
139 133
