4
2 1
140
0 100.000000 100.000000 20 99999999 4
1 182.038696 106.559357 20 134 3
2 62.904789 99.618039 20 106 2
3 195.555130 124.510680 20 124 2
4 91.979730 101.279439 20 130 1
5 22.494538 84.945779 20 114 3
6 26.694788 190.707252 20 134 2
7 162.161129 127.645256 20 100 5
8 109.060457 194.175080 20 123 3
9 181.099379 97.004375 20 113 5
10 115.739583 119.396477 20 125 2
11 25.998783 103.059389 20 104 3
12 130.498213 51.253795 20 117 4
13 121.951264 158.506073 20 115 2
14 175.125020 175.975896 20 136 5
15 50.859717 103.193414 20 131 2
16 93.992925 48.040471 20 149 1
17 169.950272 111.558801 20 135 5
18 4.238477 94.360438 20 104 4
19 57.447020 131.539130 20 112 5
20 91.737640 104.698193 20 145 4
21 178.359880 54.967614 20 113 2
22 85.161576 131.441908 20 136 1
23 33.188923 140.635155 20 118 4
24 174.127740 57.033059 20 137 5
25 9.409472 109.003282 20 113 2
26 103.129028 63.020084 20 138 3
27 150.630409 78.009413 20 136 1
28 50.281772 33.924594 20 126 1
29 11.044874 55.464956 20 106 2
30 187.360754 108.431083 20 102 5
31 48.932307 7.805435 20 128 2
32 150.035859 142.640893 20 105 2
33 117.441957 73.194933 20 126 1
34 89.896816 88.787002 20 141 4
35 27.743136 6.459101 20 145 5
36 62.189819 174.117440 20 138 1
37 74.712831 54.603440 20 143 3
38 75.226191 144.156069 20 128 1
39 42.406016 63.426132 20 143 1
40 162.763699 62.394175 20 137 1
41 182.613534 194.073318 20 144 2
42 138.668053 19.127690 20 141 3
43 124.148448 196.037855 20 110 2
44 89.413958 66.695255 20 129 5
45 101.671571 70.005091 20 126 2
46 114.117258 108.345519 20 137 1
47 105.245887 175.840142 20 115 5
48 50.807909 62.037044 20 132 1
49 67.485937 166.170101 20 137 5
50 152.802071 107.643696 20 133 1
51 193.991741 37.496510 20 119 2
52 134.944960 89.643465 20 130 4
53 104.215318 125.496892 20 137 1
54 111.040019 71.292672 20 145 2
55 124.312176 186.694562 20 111 3
56 186.449108 21.840955 20 129 3
57 23.390023 56.558248 20 126 5
58 57.455746 193.507389 20 145 4
59 184.929030 19.956236 20 123 2
60 17.930940 32.459059 20 111 3
61 43.894009 156.759522 20 143 5
62 133.646430 198.443410 20 146 3
63 40.516510 62.163270 20 129 4
64 117.259938 11.353138 20 138 3
65 79.129717 117.253446 20 104 5
66 123.666130 12.766996 20 119 2
67 198.030572 175.432342 20 118 1
68 170.377493 88.083741 20 114 2
69 39.692094 162.380625 20 103 5
70 9.207535 193.476476 20 126 4
71 65.229030 187.885883 20 119 3
72 20.737306 64.789048 20 101 1
73 15.498680 35.433169 20 113 1
74 88.669074 49.040694 20 116 1
75 4.960807 62.155806 20 132 4
76 139.297766 147.660092 20 110 1
77 113.292008 146.970891 20 133 3
78 166.625056 186.236252 20 133 2
79 134.576676 78.575643 20 106 3
80 128.220066 120.069683 20 145 4
81 122.218193 68.138059 20 106 3
82 69.216538 173.070483 20 138 2
83 122.594994 21.654581 20 146 5
84 23.051554 123.899706 20 125 1
85 11.977978 5.167607 20 118 2
86 135.668644 31.191772 20 102 5
87 76.755361 92.934671 20 143 1
88 166.897673 32.257460 20 130 5
89 130.622864 33.977463 20 142 1
90 146.344257 182.208675 20 113 5
91 34.051508 127.230850 20 100 5
92 198.137469 162.502533 20 145 5
93 153.444282 29.228253 20 114 2
94 143.065506 130.377780 20 112 1
95 80.510778 92.754981 20 145 3
96 67.342154 130.419492 20 143 3
97 110.748015 1.655799 20 135 3
98 196.922592 12.571998 20 121 5
99 184.869053 181.104583 20 105 4
100 25.771795 100.048456 20 121 1
101 179.498419 93.104453 20 146 2
102 41.881851 17.577064 20 145 4
103 83.934603 85.459330 20 149 1
104 128.755192 8.116728 20 140 5
105 118.213251 6.290702 20 129 3
106 46.893097 9.916254 20 110 4
107 188.508209 119.111423 20 106 3
108 147.393596 191.855607 20 136 1
109 0.321163 97.909974 20 119 1
110 55.584279 52.709428 20 129 3
111 37.976027 128.016012 20 126 1
112 13.845980 50.263168 20 132 2
113 113.221622 133.833610 20 127 4
114 70.361029 100.150342 20 114 4
115 199.814593 175.749469 20 143 4
116 146.064381 121.913722 20 121 5
117 145.643328 157.670002 20 144 4
118 47.739734 114.997647 20 110 3
119 198.151575 139.907084 20 135 3
120 113.884862 49.739057 20 122 5
121 21.702610 164.607281 20 144 5
122 152.113926 53.156047 20 120 2
123 154.168747 6.724904 20 100 2
124 50.747457 137.242069 20 141 1
125 176.089622 27.849014 20 118 4
126 40.898342 113.261621 20 115 5
127 79.511131 4.685788 20 118 3
128 71.551739 98.458126 20 103 3
129 158.715999 194.758872 20 113 3
130 126.579522 167.925815 20 140 4
131 97.534831 16.008812 20 100 2
132 131.350556 104.128740 20 119 4
133 86.992697 51.346234 20 109 4
134 16.835756 149.553725 20 114 2
135 188.288657 48.441638 20 121 1
136 98.283797 97.538355 20 113 2
137 139.001209 194.986043 20 148 5
138 199.249722 135.532350 20 107 2
139 50.722642 13.402030 20 136 2
1956
0 2
0 4
0 10
0 20
0 22
0 26
0 33
0 34
0 44
0 45
0 46
0 52
0 53
0 54
0 65
0 80
0 81
0 87
0 95
0 103
0 113
0 114
0 128
0 132
0 136
1 3
1 7
1 9
1 17
1 30
1 50
1 68
1 101
1 107
1 116
1 119
1 138
2 0
2 4
2 11
2 15
2 19
2 20
2 22
2 34
2 48
2 65
2 87
2 91
2 95
2 96
2 100
2 103
2 111
2 114
2 118
2 124
2 126
2 128
2 136
3 1
3 7
3 9
3 17
3 30
3 92
3 101
3 107
3 119
3 138
4 0
4 2
4 10
4 20
4 22
4 26
4 33
4 34
4 44
4 45
4 46
4 53
4 54
4 65
4 87
4 95
4 96
4 103
4 113
4 114
4 128
4 132
4 136
5 11
5 15
5 18
5 25
5 29
5 39
5 48
5 57
5 63
5 72
5 75
5 84
5 100
5 109
5 112
5 118
5 126
6 36
6 58
6 61
6 69
6 70
6 71
6 121
7 1
7 3
7 9
7 17
7 30
7 32
7 50
7 76
7 80
7 94
7 101
7 107
7 116
7 117
7 119
7 132
7 138
8 13
8 43
8 47
8 55
8 62
8 90
8 108
8 130
8 137
9 1
9 3
9 7
9 17
9 27
9 30
9 40
9 50
9 68
9 101
9 107
10 0
10 4
10 13
10 20
10 22
10 46
10 50
10 52
10 53
10 65
10 76
10 77
10 80
10 94
10 113
10 116
10 132
10 136
11 2
11 5
11 15
11 18
11 23
11 25
11 72
11 84
11 91
11 100
11 109
11 111
11 118
11 126
12 16
12 26
12 27
12 33
12 40
12 42
12 45
12 52
12 54
12 66
12 79
12 81
12 83
12 86
12 89
12 93
12 120
12 122
13 8
13 10
13 32
13 43
13 47
13 53
13 55
13 76
13 77
13 80
13 90
13 94
13 113
13 117
13 130
14 41
14 67
14 78
14 90
14 92
14 99
14 108
14 115
14 117
14 129
15 2
15 5
15 11
15 19
15 65
15 84
15 87
15 91
15 95
15 96
15 100
15 103
15 111
15 114
15 118
15 124
15 126
15 128
16 12
16 26
16 33
16 37
16 44
16 45
16 54
16 74
16 81
16 83
16 89
16 103
16 110
16 120
16 131
16 133
17 1
17 3
17 7
17 9
17 27
17 30
17 32
17 50
17 68
17 94
17 101
17 107
17 116
17 119
17 132
17 138
18 5
18 11
18 25
18 29
18 72
18 75
18 84
18 100
18 109
19 2
19 15
19 22
19 23
19 38
19 49
19 61
19 65
19 69
19 84
19 91
19 96
19 111
19 114
19 118
19 124
19 126
19 128
20 0
20 2
20 4
20 10
20 22
20 34
20 44
20 45
20 46
20 53
20 54
20 65
20 80
20 87
20 95
20 96
20 103
20 113
20 114
20 128
20 132
20 136
21 24
21 27
21 40
21 51
21 56
21 59
21 68
21 88
21 93
21 101
21 122
21 125
21 135
22 0
22 2
22 4
22 10
22 19
22 20
22 38
22 46
22 49
22 53
22 65
22 77
22 87
22 95
22 96
22 113
22 114
22 124
22 128
22 136
23 11
23 19
23 25
23 61
23 69
23 84
23 91
23 96
23 111
23 118
23 121
23 124
23 126
23 134
24 21
24 27
24 40
24 51
24 56
24 59
24 68
24 88
24 93
24 101
24 122
24 125
24 135
25 5
25 11
25 18
25 23
25 84
25 91
25 100
25 109
25 111
25 118
25 126
26 0
26 4
26 12
26 16
26 33
26 34
26 37
26 44
26 45
26 54
26 74
26 79
26 81
26 87
26 89
26 95
26 103
26 120
26 133
26 136
27 9
27 12
27 17
27 21
27 24
27 33
27 40
27 50
27 52
27 68
27 79
27 81
27 101
27 122
27 132
28 31
28 35
28 37
28 39
28 48
28 57
28 60
28 63
28 73
28 102
28 106
28 110
28 112
28 139
29 5
29 18
29 39
29 57
29 60
29 63
29 72
29 73
29 75
29 112
30 1
30 3
30 7
30 9
30 17
30 50
30 68
30 101
30 107
30 119
30 138
31 28
31 35
31 60
31 85
31 102
31 106
31 127
31 139
32 7
32 13
32 17
32 50
32 76
32 77
32 80
32 90
32 94
32 113
32 116
32 117
32 130
33 0
33 4
33 12
33 16
33 26
33 27
33 34
33 44
33 45
33 46
33 52
33 54
33 74
33 79
33 81
33 103
33 120
33 132
33 133
33 136
34 0
34 2
34 4
34 20
34 26
34 33
34 37
34 44
34 45
34 46
34 53
34 54
34 65
34 74
34 81
34 87
34 95
34 103
34 114
34 128
34 133
34 136
35 28
35 31
35 60
35 73
35 85
35 102
35 106
35 139
36 6
36 38
36 49
36 58
36 61
36 69
36 71
36 82
36 124
37 16
37 26
37 28
37 34
37 39
37 44
37 45
37 48
37 54
37 63
37 74
37 87
37 95
37 103
37 110
37 120
37 133
38 19
38 22
38 36
38 49
38 53
38 61
38 65
38 69
38 77
38 82
38 96
38 113
38 124
39 5
39 28
39 29
39 37
39 48
39 57
39 60
39 63
39 72
39 73
39 75
39 110
39 112
40 9
40 12
40 21
40 24
40 27
40 51
40 52
40 68
40 79
40 88
40 93
40 101
40 122
40 125
40 135
41 14
41 67
41 78
41 90
41 92
41 99
41 108
41 115
41 129
42 12
42 64
42 66
42 83
42 86
42 88
42 89
42 93
42 97
42 104
42 105
42 120
42 122
42 123
42 125
43 8
43 13
43 47
43 55
43 62
43 90
43 108
43 129
43 130
43 137
44 0
44 4
44 16
44 20
44 26
44 33
44 34
44 37
44 45
44 48
44 54
44 74
44 81
44 87
44 95
44 103
44 110
44 114
44 120
44 128
44 133
44 136
45 0
45 4
45 12
45 16
45 20
45 26
45 33
45 34
45 37
45 44
45 52
45 54
45 74
45 79
45 81
45 87
45 95
45 103
45 120
45 133
45 136
46 0
46 4
46 10
46 20
46 22
46 33
46 34
46 50
46 52
46 53
46 54
46 65
46 77
46 79
46 80
46 94
46 95
46 103
46 113
46 116
46 132
46 136
47 8
47 13
47 43
47 49
47 55
47 62
47 77
47 82
47 130
47 137
48 2
48 5
48 28
48 37
48 39
48 44
48 57
48 63
48 72
48 110
48 112
48 133
49 19
49 22
49 36
49 38
49 47
49 58
49 61
49 69
49 71
49 82
49 96
49 124
50 1
50 7
50 9
50 10
50 17
50 27
50 30
50 32
50 46
50 52
50 68
50 79
50 80
50 94
50 101
50 107
50 116
50 132
51 21
51 24
51 40
51 56
51 59
51 88
51 98
51 125
51 135
52 0
52 10
52 12
52 27
52 33
52 40
52 45
52 46
52 50
52 54
52 68
52 79
52 80
52 81
52 116
52 132
52 136
53 0
53 4
53 10
53 13
53 20
53 22
53 34
53 38
53 46
53 65
53 77
53 80
53 94
53 96
53 113
53 132
53 136
54 0
54 4
54 12
54 16
54 20
54 26
54 33
54 34
54 37
54 44
54 45
54 46
54 52
54 74
54 79
54 81
54 95
54 103
54 120
54 132
54 133
54 136
55 8
55 13
55 43
55 47
55 62
55 90
55 108
55 117
55 129
55 130
55 137
56 21
56 24
56 51
56 59
56 88
56 93
56 98
56 123
56 125
56 135
57 5
57 28
57 29
57 39
57 48
57 60
57 63
57 72
57 73
57 75
57 110
57 112
58 6
58 36
58 49
58 61
58 69
58 71
58 82
59 21
59 24
59 51
59 56
59 88
59 93
59 98
59 123
59 125
59 135
60 28
60 29
60 31
60 35
60 39
60 57
60 63
60 72
60 73
60 75
60 85
60 102
60 106
60 112
60 139
61 6
61 19
61 23
61 36
61 38
61 49
61 58
61 69
61 71
61 82
61 84
61 91
61 96
61 111
61 121
61 124
61 134
62 8
62 43
62 47
62 55
62 78
62 90
62 108
62 129
62 130
62 137
63 5
63 28
63 29
63 37
63 39
63 48
63 57
63 60
63 72
63 73
63 75
63 110
63 112
64 42
64 66
64 83
64 86
64 89
64 97
64 104
64 105
64 120
64 123
64 127
64 131
65 0
65 2
65 4
65 10
65 15
65 19
65 20
65 22
65 34
65 38
65 46
65 53
65 87
65 95
65 96
65 103
65 113
65 114
65 118
65 124
65 126
65 128
65 136
66 12
66 42
66 64
66 83
66 86
66 89
66 93
66 97
66 104
66 105
66 120
66 123
66 131
67 14
67 41
67 78
67 92
67 99
67 115
67 119
67 138
68 1
68 9
68 17
68 21
68 24
68 27
68 30
68 40
68 50
68 52
68 79
68 101
68 107
68 122
69 6
69 19
69 23
69 36
69 38
69 49
69 58
69 61
69 71
69 82
69 91
69 111
69 121
69 124
69 134
70 6
70 121
71 6
71 36
71 49
71 58
71 61
71 69
71 82
72 5
72 11
72 18
72 29
72 39
72 48
72 57
72 60
72 63
72 73
72 75
72 100
72 109
72 110
72 112
73 28
73 29
73 35
73 39
73 57
73 60
73 63
73 72
73 75
73 85
73 102
73 112
74 16
74 26
74 33
74 34
74 37
74 44
74 45
74 54
74 81
74 103
74 110
74 120
74 131
74 133
75 5
75 18
75 29
75 39
75 57
75 60
75 63
75 72
75 73
75 109
75 112
76 7
76 10
76 13
76 32
76 77
76 80
76 90
76 94
76 113
76 116
76 117
76 130
77 10
77 13
77 22
77 32
77 38
77 46
77 47
77 53
77 76
77 80
77 94
77 113
77 117
77 130
78 14
78 41
78 62
78 67
78 90
78 92
78 99
78 108
78 115
78 117
78 129
78 137
79 12
79 26
79 27
79 33
79 40
79 45
79 46
79 50
79 52
79 54
79 68
79 81
79 120
79 122
79 132
80 0
80 7
80 10
80 13
80 20
80 32
80 46
80 50
80 52
80 53
80 76
80 77
80 94
80 113
80 116
80 132
80 136
81 0
81 12
81 16
81 26
81 27
81 33
81 34
81 44
81 45
81 52
81 54
81 74
81 79
81 86
81 89
81 120
81 122
81 132
81 133
81 136
82 36
82 38
82 47
82 49
82 58
82 61
82 69
82 71
83 12
83 16
83 42
83 64
83 66
83 86
83 89
83 93
83 97
83 104
83 105
83 120
83 123
83 131
84 5
84 11
84 15
84 18
84 19
84 23
84 25
84 61
84 91
84 100
84 109
84 111
84 118
84 124
84 126
84 134
85 31
85 35
85 60
85 73
85 102
85 106
85 139
86 12
86 42
86 64
86 66
86 81
86 83
86 88
86 89
86 93
86 97
86 104
86 105
86 120
86 122
86 123
87 0
87 2
87 4
87 15
87 20
87 22
87 26
87 34
87 37
87 44
87 45
87 65
87 95
87 96
87 103
87 114
87 118
87 128
87 136
88 21
88 24
88 40
88 42
88 51
88 56
88 59
88 86
88 89
88 93
88 98
88 122
88 123
88 125
88 135
89 12
89 16
89 26
89 42
89 64
89 66
89 81
89 83
89 86
89 88
89 93
89 97
89 104
89 105
89 120
89 122
89 123
89 131
90 8
90 13
90 14
90 32
90 41
90 43
90 55
90 62
90 76
90 78
90 99
90 108
90 117
90 129
90 130
90 137
91 2
91 11
91 15
91 19
91 23
91 25
91 61
91 69
91 84
91 96
91 100
91 111
91 118
91 121
91 124
91 126
91 134
92 3
92 14
92 41
92 67
92 78
92 99
92 115
92 119
92 138
93 12
93 21
93 24
93 40
93 42
93 56
93 59
93 66
93 83
93 86
93 88
93 89
93 104
93 122
93 123
93 125
93 135
94 7
94 10
94 13
94 17
94 32
94 46
94 50
94 53
94 76
94 77
94 80
94 113
94 116
94 117
94 132
95 0
95 2
95 4
95 15
95 20
95 22
95 26
95 34
95 37
95 44
95 45
95 46
95 54
95 65
95 87
95 96
95 103
95 114
95 118
95 128
95 136
96 2
96 4
96 15
96 19
96 20
96 22
96 23
96 38
96 49
96 53
96 61
96 65
96 87
96 91
96 95
96 111
96 114
96 118
96 124
96 126
96 128
97 42
97 64
97 66
97 83
97 86
97 89
97 104
97 105
97 127
97 131
98 51
98 56
98 59
98 88
98 125
98 135
99 14
99 41
99 67
99 78
99 90
99 92
99 108
99 115
99 129
100 2
100 5
100 11
100 15
100 18
100 25
100 72
100 84
100 91
100 109
100 111
100 118
100 126
101 1
101 3
101 7
101 9
101 17
101 21
101 24
101 27
101 30
101 40
101 50
101 68
101 107
102 28
102 31
102 35
102 60
102 73
102 85
102 106
102 110
102 127
102 139
103 0
103 2
103 4
103 15
103 16
103 20
103 26
103 33
103 34
103 37
103 44
103 45
103 46
103 54
103 65
103 74
103 87
103 95
103 114
103 128
103 133
103 136
104 42
104 64
104 66
104 83
104 86
104 89
104 93
104 97
104 105
104 123
104 131
105 42
105 64
105 66
105 83
105 86
105 89
105 97
105 104
105 123
105 127
105 131
106 28
106 31
106 35
106 60
106 85
106 102
106 127
106 139
107 1
107 3
107 7
107 9
107 17
107 30
107 50
107 68
107 101
107 119
107 138
108 8
108 14
108 41
108 43
108 55
108 62
108 78
108 90
108 99
108 117
108 129
108 130
108 137
109 5
109 11
109 18
109 25
109 72
109 75
109 84
109 100
110 16
110 28
110 37
110 39
110 44
110 48
110 57
110 63
110 72
110 74
110 102
110 133
110 139
111 2
111 11
111 15
111 19
111 23
111 25
111 61
111 69
111 84
111 91
111 96
111 100
111 118
111 124
111 126
111 134
112 5
112 28
112 29
112 39
112 48
112 57
112 60
112 63
112 72
112 73
112 75
113 0
113 4
113 10
113 13
113 20
113 22
113 32
113 38
113 46
113 53
113 65
113 76
113 77
113 80
113 94
113 116
113 130
113 132
113 136
114 0
114 2
114 4
114 15
114 19
114 20
114 22
114 34
114 44
114 65
114 87
114 95
114 96
114 103
114 118
114 126
114 128
114 136
115 14
115 41
115 67
115 78
115 92
115 99
115 119
116 1
116 7
116 10
116 17
116 32
116 46
116 50
116 52
116 76
116 80
116 94
116 113
116 117
116 132
117 7
117 13
117 14
117 32
117 55
117 76
117 77
117 78
117 90
117 94
117 108
117 116
117 129
117 130
117 137
118 2
118 5
118 11
118 15
118 19
118 23
118 25
118 65
118 84
118 87
118 91
118 95
118 96
118 100
118 111
118 114
118 124
118 126
118 128
119 1
119 3
119 7
119 17
119 30
119 67
119 92
119 107
119 115
119 138
120 12
120 16
120 26
120 33
120 37
120 42
120 44
120 45
120 54
120 64
120 66
120 74
120 79
120 81
120 83
120 86
120 89
120 122
120 131
120 133
121 6
121 23
121 61
121 69
121 70
121 91
121 124
121 134
122 12
122 21
122 24
122 27
122 40
122 42
122 68
122 79
122 81
122 86
122 88
122 89
122 93
122 120
122 125
122 135
123 42
123 56
123 59
123 64
123 66
123 83
123 86
123 88
123 89
123 93
123 104
123 105
123 125
124 2
124 15
124 19
124 22
124 23
124 36
124 38
124 49
124 61
124 65
124 69
124 84
124 91
124 96
124 111
124 118
124 121
124 126
124 134
125 21
125 24
125 40
125 42
125 51
125 56
125 59
125 88
125 93
125 98
125 122
125 123
125 135
126 2
126 5
126 11
126 15
126 19
126 23
126 25
126 65
126 84
126 91
126 96
126 100
126 111
126 114
126 118
126 124
126 128
127 31
127 64
127 97
127 102
127 105
127 106
127 131
127 139
128 0
128 2
128 4
128 15
128 19
128 20
128 22
128 34
128 44
128 65
128 87
128 95
128 96
128 103
128 114
128 118
128 126
128 136
129 14
129 41
129 43
129 55
129 62
129 78
129 90
129 99
129 108
129 117
129 137
130 8
130 13
130 32
130 43
130 47
130 55
130 62
130 76
130 77
130 90
130 108
130 113
130 117
130 137
131 16
131 64
131 66
131 74
131 83
131 89
131 97
131 104
131 105
131 120
131 127
131 133
132 0
132 4
132 7
132 10
132 17
132 20
132 27
132 33
132 46
132 50
132 52
132 53
132 54
132 79
132 80
132 81
132 94
132 113
132 116
132 136
133 16
133 26
133 33
133 34
133 37
133 44
133 45
133 48
133 54
133 74
133 81
133 103
133 110
133 120
133 131
134 23
134 61
134 69
134 84
134 91
134 111
134 121
134 124
135 21
135 24
135 40
135 51
135 56
135 59
135 88
135 93
135 98
135 122
135 125
136 0
136 2
136 4
136 10
136 20
136 22
136 26
136 33
136 34
136 44
136 45
136 46
136 52
136 53
136 54
136 65
136 80
136 81
136 87
136 95
136 103
136 113
136 114
136 128
136 132
137 8
137 43
137 47
137 55
137 62
137 78
137 90
137 108
137 117
137 129
137 130
138 1
138 3
138 7
138 17
138 30
138 67
138 92
138 107
138 119
139 28
139 31
139 35
139 60
139 85
139 102
139 106
139 110
139 127
