4
2 1
150
0 100.000000 100.000000 10 99999999 1
1 25.982808 130.791618 10 121 2
2 35.136768 104.601143 10 144 1
3 120.011326 71.062712 10 108 3
4 103.803926 82.013929 10 127 4
5 58.368698 195.543792 10 110 1
6 51.104173 166.955524 10 116 3
7 75.540326 100.589064 10 121 2
8 112.106693 78.832413 10 110 2
9 73.708818 188.587491 10 135 2
10 73.329697 177.253829 10 126 2
11 57.705409 199.451663 10 102 5
12 65.729703 150.109135 10 119 3
13 45.643167 182.765111 10 138 4
14 90.448036 104.732990 10 106 5
15 42.489392 89.087720 10 149 5
16 59.977086 131.657623 10 107 2
17 90.236494 173.466713 10 131 4
18 54.212506 165.157380 10 102 2
19 66.302680 183.111456 10 116 3
20 38.637388 73.799707 10 148 1
21 32.793194 132.392176 10 141 4
22 57.785437 148.306439 10 117 2
23 26.181203 82.409812 10 128 2
24 59.565740 88.841782 10 112 1
25 67.357818 127.318758 10 140 3
26 61.756636 160.703231 10 137 4
27 77.981516 118.665245 10 133 5
28 70.768693 96.805733 10 132 2
29 69.669382 165.063011 10 103 2
30 118.810790 67.258466 10 136 3
31 61.407584 176.887279 10 109 1
32 128.031608 74.815078 10 119 5
33 32.812136 116.555936 10 113 2
34 79.196619 132.090282 10 111 3
35 43.310909 119.829469 10 128 2
36 87.617930 117.953291 10 102 3
37 69.370116 128.277850 10 124 2
38 17.341636 123.124822 10 146 2
39 42.802170 181.434056 10 135 5
40 83.837679 174.746290 10 148 4
41 52.836081 116.905699 10 104 5
42 93.825834 180.506918 10 134 1
43 31.088339 183.125818 10 127 1
44 63.036663 85.925370 10 102 4
45 28.772819 146.913322 10 109 1
46 73.621326 79.289746 10 141 1
47 45.022865 67.702451 10 143 4
48 128.407913 79.723075 10 130 3
49 50.714682 149.975196 10 102 4
50 99.384734 116.991679 10 148 3
51 23.518695 114.590751 10 141 1
52 34.841559 73.276527 10 117 4
53 23.667602 170.810211 10 126 5
54 78.954592 114.030736 10 102 2
55 37.763020 126.514649 10 122 1
56 19.671445 197.641746 10 130 5
57 74.004783 175.588854 10 140 4
58 88.944879 146.320517 10 142 2
59 64.393160 84.266899 10 109 5
60 44.558826 137.902511 10 128 3
61 66.043327 135.018101 10 107 4
62 116.150209 110.397328 10 110 2
63 47.875711 113.145659 10 106 2
64 119.266817 74.827611 10 102 1
65 19.840489 185.862223 10 121 1
66 53.557335 134.954260 10 137 4
67 118.799550 90.487197 10 133 3
68 44.989047 104.223429 10 134 4
69 58.059664 138.177876 10 122 2
70 69.376565 74.033997 10 106 1
71 43.631188 50.215608 10 124 2
72 70.506982 63.528276 10 103 2
73 64.241416 169.052415 10 121 5
74 28.640700 161.977809 10 120 5
75 73.221552 115.364877 10 115 4
76 80.437666 138.327965 10 122 4
77 101.327794 139.689654 10 130 4
78 94.753333 114.575803 10 139 1
79 71.525399 53.541410 10 107 2
80 31.582570 180.620061 10 109 3
81 31.112385 39.897632 10 101 2
82 14.975676 181.548111 10 102 5
83 51.013905 165.634581 10 114 3
84 73.623449 107.616422 10 105 5
85 53.632227 86.572343 10 119 5
86 34.295672 123.404239 10 107 4
87 33.458760 72.989506 10 135 5
88 110.234701 92.543126 10 100 5
89 81.261490 189.825900 10 123 3
90 81.339421 68.427527 10 113 5
91 33.225203 90.042098 10 127 5
92 20.054370 77.499712 10 106 2
93 40.381450 140.013150 10 128 4
94 140.992808 70.281445 10 114 4
95 138.062705 68.171843 10 136 5
96 144.241666 85.450461 10 132 1
97 91.216577 68.167220 10 129 2
98 42.455605 119.579908 10 109 2
99 22.048834 144.471326 10 109 1
100 91.989787 116.572759 10 0 2
101 152.881953 45.099190 10 0 5
102 69.541819 136.311403 10 0 3
103 102.378594 114.288352 10 0 1
104 144.214650 145.343914 10 0 2
105 132.948328 141.029065 10 0 3
106 152.855487 142.536830 10 0 2
107 140.918838 42.962191 10 0 5
108 35.789209 149.708823 10 0 5
109 75.370096 128.999413 10 0 3
110 101.200342 105.164691 10 0 2
111 99.285545 48.315612 10 0 3
112 102.814275 62.245350 10 0 2
113 33.636285 47.228090 10 0 4
114 50.824306 43.886966 10 0 3
115 158.370015 172.056684 10 0 4
116 80.452466 157.774278 10 0 3
117 89.148940 38.656635 10 0 3
118 47.036761 99.997373 10 0 1
119 54.291547 46.271656 10 0 5
120 159.661004 67.930074 10 0 3
121 29.006466 54.883255 10 0 3
122 173.425384 173.060109 10 0 5
123 124.156195 49.600129 10 0 1
124 153.093063 31.878956 10 0 3
125 42.876288 116.413630 10 0 5
126 123.650926 143.266266 10 0 3
127 106.338605 170.765928 10 0 3
128 157.291973 149.673456 10 0 1
129 166.621232 160.089889 10 0 5
130 91.626113 84.617501 10 0 4
131 36.118859 123.655138 10 0 1
132 36.241147 68.611943 10 0 5
133 88.661402 114.305916 10 0 5
134 131.976252 125.557438 10 0 1
135 143.996445 51.022562 10 0 5
136 88.943096 69.426278 10 0 2
137 115.182769 128.180855 10 0 4
138 44.223661 36.981637 10 0 2
139 34.123786 151.138019 10 0 5
140 67.660566 132.856032 10 0 5
141 56.103055 63.045805 10 0 5
142 130.594746 135.300735 10 0 5
143 132.207153 33.721938 10 0 4
144 111.876722 55.528647 10 0 4
145 157.992713 27.210535 10 0 4
146 78.447924 120.041797 10 0 3
147 65.320524 90.790043 10 0 4
148 50.539690 63.630458 10 0 5
149 92.691846 97.767491 10 0 3
1320
0 4
0 14
0 50
0 62
0 78
0 88
0 100
0 103
0 110
0 130
0 133
0 149
1 21
1 33
1 38
1 45
1 51
1 55
1 60
1 86
1 93
1 98
1 99
1 131
2 15
2 33
2 35
2 51
2 63
2 68
2 86
2 91
2 98
2 118
2 125
2 131
3 4
3 8
3 30
3 32
3 48
3 64
3 67
3 95
3 112
3 144
4 0
4 3
4 8
4 64
4 67
4 88
4 97
4 112
4 130
4 136
4 149
5 9
5 11
5 13
5 19
5 31
6 13
6 18
6 22
6 26
6 29
6 31
6 39
6 49
6 73
6 83
7 14
7 24
7 27
7 28
7 44
7 54
7 59
7 75
7 84
7 133
7 146
7 147
7 149
8 3
8 4
8 30
8 32
8 48
8 64
8 67
8 88
8 112
9 5
9 10
9 11
9 19
9 31
9 40
9 57
9 89
10 9
10 17
10 19
10 29
10 31
10 40
10 57
10 73
10 89
11 5
11 9
11 19
12 16
12 18
12 22
12 26
12 29
12 49
12 61
12 66
12 69
12 73
12 76
12 102
12 116
12 140
13 5
13 6
13 18
13 31
13 39
13 43
13 80
13 83
14 0
14 7
14 27
14 36
14 50
14 54
14 78
14 84
14 100
14 103
14 110
14 133
14 146
14 149
15 2
15 20
15 23
15 24
15 52
15 68
15 85
15 87
15 91
15 118
16 12
16 22
16 25
16 34
16 37
16 41
16 60
16 61
16 66
16 69
16 102
16 109
16 140
17 10
17 40
17 42
17 57
17 89
17 116
17 127
18 6
18 12
18 13
18 22
18 26
18 29
18 31
18 39
18 49
18 73
18 83
19 5
19 9
19 10
19 11
19 29
19 31
19 40
19 57
19 73
19 89
20 15
20 23
20 47
20 52
20 85
20 87
20 91
20 92
20 132
20 148
21 1
21 33
21 35
21 38
21 45
21 55
21 60
21 86
21 93
21 98
21 99
21 108
21 125
21 131
21 139
22 6
22 12
22 16
22 18
22 26
22 49
22 60
22 61
22 66
22 69
22 83
22 93
22 102
22 140
23 15
23 20
23 52
23 87
23 91
23 92
23 132
24 7
24 15
24 28
24 44
24 46
24 59
24 70
24 85
24 118
24 147
25 16
25 27
25 34
25 37
25 41
25 54
25 61
25 66
25 69
25 75
25 76
25 102
25 109
25 140
25 146
26 6
26 12
26 18
26 22
26 29
26 31
26 49
26 57
26 73
26 83
26 116
27 7
27 14
27 25
27 34
27 36
27 37
27 54
27 75
27 76
27 78
27 84
27 100
27 102
27 109
27 133
27 140
27 146
28 7
28 24
28 44
28 46
28 54
28 59
28 75
28 84
28 85
28 147
29 6
29 10
29 12
29 18
29 19
29 26
29 31
29 40
29 57
29 73
29 83
29 116
30 3
30 8
30 32
30 48
30 64
30 95
30 112
30 123
30 144
31 5
31 6
31 9
31 10
31 13
31 18
31 19
31 26
31 29
31 39
31 57
31 73
31 83
32 3
32 8
32 30
32 48
32 64
32 67
32 94
32 95
32 96
33 1
33 2
33 21
33 35
33 38
33 51
33 55
33 63
33 68
33 86
33 98
33 125
33 131
34 16
34 25
34 27
34 36
34 37
34 54
34 58
34 61
34 75
34 76
34 102
34 109
34 140
34 146
35 2
35 21
35 33
35 41
35 55
35 60
35 63
35 66
35 68
35 86
35 98
35 125
35 131
36 14
36 27
36 34
36 50
36 54
36 75
36 78
36 84
36 100
36 103
36 109
36 110
36 133
36 146
37 16
37 25
37 27
37 34
37 54
37 61
37 66
37 69
37 75
37 76
37 102
37 109
37 140
37 146
38 1
38 21
38 33
38 51
38 86
38 131
39 6
39 13
39 18
39 31
39 43
39 80
39 83
40 9
40 10
40 17
40 19
40 29
40 42
40 57
40 89
40 116
41 16
41 25
41 35
41 55
41 63
41 66
41 68
41 86
41 98
41 118
41 125
41 131
42 17
42 40
42 89
42 127
43 13
43 39
43 53
43 56
43 65
43 80
43 82
44 7
44 24
44 28
44 46
44 59
44 70
44 85
44 147
45 1
45 21
45 60
45 74
45 93
45 99
45 108
45 139
46 24
46 28
46 44
46 59
46 70
46 72
46 90
46 130
46 136
46 147
47 20
47 52
47 71
47 87
47 132
47 141
47 148
48 3
48 8
48 30
48 32
48 64
48 67
48 94
48 95
48 96
49 6
49 12
49 18
49 22
49 26
49 60
49 66
49 69
49 83
49 93
49 108
49 139
50 0
50 14
50 36
50 62
50 78
50 100
50 103
50 110
50 133
50 137
51 1
51 2
51 33
51 38
51 55
51 86
51 98
51 125
51 131
52 15
52 20
52 23
52 47
52 87
52 91
52 92
52 121
52 132
52 148
53 43
53 65
53 74
53 80
53 82
54 7
54 14
54 25
54 27
54 28
54 34
54 36
54 37
54 75
54 78
54 84
54 100
54 109
54 133
54 146
55 1
55 21
55 33
55 35
55 41
55 51
55 60
55 63
55 66
55 86
55 93
55 98
55 125
55 131
56 43
56 65
56 82
57 9
57 10
57 17
57 19
57 26
57 29
57 31
57 40
57 73
57 89
57 116
58 34
58 76
58 77
58 116
59 7
59 24
59 28
59 44
59 46
59 70
59 85
59 147
60 1
60 16
60 21
60 22
60 35
60 45
60 49
60 55
60 66
60 69
60 86
60 93
60 98
60 108
60 131
60 139
61 12
61 16
61 22
61 25
61 34
61 37
61 66
61 69
61 76
61 102
61 109
61 140
61 146
62 0
62 50
62 88
62 103
62 110
62 137
63 2
63 33
63 35
63 41
63 55
63 68
63 86
63 98
63 118
63 125
63 131
64 3
64 4
64 8
64 30
64 32
64 48
64 67
64 88
64 95
65 43
65 53
65 56
65 80
65 82
66 12
66 16
66 22
66 25
66 35
66 37
66 41
66 49
66 55
66 60
66 61
66 69
66 93
66 98
66 102
66 140
67 3
67 4
67 8
67 32
67 48
67 64
67 88
68 2
68 15
68 33
68 35
68 41
68 63
68 85
68 91
68 98
68 118
68 125
69 12
69 16
69 22
69 25
69 37
69 49
69 60
69 61
69 66
69 93
69 102
69 109
69 140
70 24
70 44
70 46
70 59
70 72
70 90
70 141
70 147
71 47
71 81
71 113
71 114
71 119
71 121
71 132
71 138
71 141
71 148
72 46
72 70
72 79
72 90
72 136
72 141
72 148
73 6
73 10
73 12
73 18
73 19
73 26
73 29
73 31
73 57
73 83
73 116
74 45
74 53
74 80
74 99
74 108
74 139
75 7
75 25
75 27
75 28
75 34
75 36
75 37
75 54
75 84
75 100
75 109
75 133
75 140
75 146
76 12
76 25
76 27
76 34
76 37
76 58
76 61
76 102
76 109
76 116
76 140
76 146
77 58
77 137
78 0
78 14
78 27
78 36
78 50
78 54
78 100
78 103
78 110
78 133
78 146
78 149
79 72
79 90
79 119
79 141
80 13
80 39
80 43
80 53
80 65
80 74
80 82
81 71
81 113
81 121
81 138
82 43
82 53
82 56
82 65
82 80
83 6
83 13
83 18
83 22
83 26
83 29
83 31
83 39
83 49
83 73
84 7
84 14
84 27
84 28
84 36
84 54
84 75
84 133
84 146
84 147
85 15
85 20
85 24
85 28
85 44
85 59
85 68
85 118
85 147
86 1
86 2
86 21
86 33
86 35
86 38
86 41
86 51
86 55
86 60
86 63
86 93
86 98
86 125
86 131
87 15
87 20
87 23
87 47
87 52
87 91
87 92
87 121
87 132
87 148
88 0
88 4
88 8
88 62
88 64
88 67
88 110
88 149
89 9
89 10
89 17
89 19
89 40
89 42
89 57
90 46
90 70
90 72
90 79
90 97
90 130
90 136
91 2
91 15
91 20
91 23
91 52
91 68
91 87
91 92
91 118
92 20
92 23
92 52
92 87
92 91
92 132
93 1
93 21
93 22
93 45
93 49
93 55
93 60
93 66
93 69
93 86
93 99
93 108
93 131
93 139
94 32
94 48
94 95
94 96
94 120
94 135
95 3
95 30
95 32
95 48
95 64
95 94
95 96
95 135
96 32
96 48
96 94
96 95
97 4
97 90
97 112
97 130
97 136
98 1
98 2
98 21
98 33
98 35
98 41
98 51
98 55
98 60
98 63
98 66
98 68
98 86
98 125
98 131
99 1
99 21
99 45
99 74
99 93
99 108
99 139
100 0
100 14
100 27
100 36
100 50
100 54
100 75
100 78
100 103
100 110
100 133
100 146
100 149
101 107
101 124
101 135
101 145
102 12
102 16
102 22
102 25
102 27
102 34
102 37
102 61
102 66
102 69
102 76
102 109
102 140
102 146
103 0
103 14
103 36
103 50
103 62
103 78
103 100
103 110
103 133
103 137
103 149
104 105
104 106
104 128
104 142
105 104
105 106
105 126
105 134
105 142
106 104
106 105
106 128
107 101
107 123
107 124
107 135
107 143
108 21
108 45
108 49
108 60
108 74
108 93
108 99
108 139
109 16
109 25
109 27
109 34
109 36
109 37
109 54
109 61
109 69
109 75
109 76
109 102
109 133
109 140
109 146
110 0
110 14
110 36
110 50
110 62
110 78
110 88
110 100
110 103
110 133
110 149
111 112
111 117
111 144
112 3
112 4
112 8
112 30
112 97
112 111
112 136
112 144
113 71
113 81
113 114
113 121
113 138
114 71
114 113
114 119
114 138
114 141
114 148
115 122
115 129
116 12
116 17
116 26
116 29
116 40
116 57
116 58
116 73
116 76
117 111
118 2
118 15
118 24
118 41
118 63
118 68
118 85
118 91
118 125
119 71
119 79
119 114
119 138
119 141
119 148
120 94
121 52
121 71
121 81
121 87
121 113
121 132
122 115
122 129
123 30
123 107
123 135
123 143
123 144
124 101
124 107
124 145
125 2
125 21
125 33
125 35
125 41
125 51
125 55
125 63
125 68
125 86
125 98
125 118
125 131
126 105
126 134
126 137
126 142
127 17
127 42
128 104
128 106
128 129
129 115
129 122
129 128
130 0
130 4
130 46
130 90
130 97
130 136
130 149
131 1
131 2
131 21
131 33
131 35
131 38
131 41
131 51
131 55
131 60
131 63
131 86
131 93
131 98
131 125
132 20
132 23
132 47
132 52
132 71
132 87
132 92
132 121
132 148
133 0
133 7
133 14
133 27
133 36
133 50
133 54
133 75
133 78
133 84
133 100
133 103
133 109
133 110
133 146
133 149
134 105
134 126
134 137
134 142
135 94
135 95
135 101
135 107
135 123
136 4
136 46
136 72
136 90
136 97
136 112
136 130
137 50
137 62
137 77
137 103
137 126
137 134
137 142
138 71
138 81
138 113
138 114
138 119
139 21
139 45
139 49
139 60
139 74
139 93
139 99
139 108
140 12
140 16
140 22
140 25
140 27
140 34
140 37
140 61
140 66
140 69
140 75
140 76
140 102
140 109
140 146
141 47
141 70
141 71
141 72
141 79
141 114
141 119
141 148
142 104
142 105
142 126
142 134
142 137
143 107
143 123
144 3
144 30
144 111
144 112
144 123
145 101
145 124
146 7
146 14
146 25
146 27
146 34
146 36
146 37
146 54
146 61
146 75
146 76
146 78
146 84
146 100
146 102
146 109
146 133
146 140
147 7
147 24
147 28
147 44
147 46
147 59
147 70
147 84
147 85
148 20
148 47
148 52
148 71
148 72
148 87
148 114
148 119
148 132
148 141
149 0
149 4
149 7
149 14
149 78
149 88
149 100
149 103
149 110
149 130
149 133
