4
2 1
160
0 100.000000 100.000000 20 99999999 4
1 1.546940 8.209728 20 133 4
2 147.835798 17.339071 20 115 2
3 98.696026 166.912928 20 123 3
4 29.608568 161.058564 20 141 1
5 25.139475 55.600308 20 106 3
6 97.752531 163.418145 20 113 2
7 32.851432 120.153424 20 107 1
8 0.377127 186.908333 20 124 2
9 118.446781 66.302603 20 120 3
10 177.516130 24.273421 20 133 3
11 144.206480 39.011860 20 126 1
12 45.919837 141.021598 20 101 1
13 44.569133 96.335684 20 140 1
14 75.465689 61.422750 20 108 1
15 138.330481 82.436492 20 108 4
16 24.835125 135.875334 20 106 2
17 131.915647 19.833083 20 110 3
18 156.849426 170.414324 20 133 5
19 80.620420 162.789159 20 108 2
20 111.572078 130.096604 20 110 3
21 130.215378 5.020095 20 137 3
22 59.083384 116.286873 20 123 3
23 175.598787 99.196631 20 124 5
24 68.705957 127.143010 20 115 3
25 114.570242 45.165599 20 136 5
26 35.138624 185.228044 20 122 1
27 57.054699 28.541034 20 111 5
28 199.303500 143.179438 20 102 5
29 62.531812 27.022700 20 145 2
30 39.304066 100.951161 20 113 2
31 36.529888 47.915114 20 139 4
32 198.044145 108.452454 20 104 2
33 124.566382 132.144485 20 125 4
34 66.209617 48.190245 20 132 4
35 167.839963 6.310849 20 138 5
36 26.779782 119.972572 20 143 4
37 35.852403 26.675922 20 139 1
38 131.011442 37.297324 20 105 5
39 71.854772 31.203184 20 110 4
40 148.818639 125.286448 20 119 4
41 61.131044 165.177243 20 123 2
42 53.476997 138.903920 20 104 4
43 98.020851 15.990652 20 132 4
44 119.967619 59.507492 20 147 4
45 133.528023 45.426922 20 147 5
46 1.027521 12.278290 20 125 3
47 131.208743 156.280404 20 102 1
48 177.695961 27.060480 20 123 5
49 27.638867 76.517038 20 123 4
50 7.354539 2.355126 20 107 5
51 57.067195 87.476244 20 121 4
52 6.733957 49.080212 20 135 2
53 14.480291 46.189095 20 113 1
54 74.044510 49.126850 20 145 4
55 4.773956 187.936259 20 149 1
56 96.241880 77.096990 20 141 5
57 62.284969 17.107472 20 130 1
58 160.829268 153.294625 20 112 3
59 25.237526 86.254311 20 133 2
60 114.234240 154.146063 20 130 5
61 147.643167 119.937919 20 110 2
62 32.417431 164.337519 20 142 3
63 164.219841 79.739979 20 126 5
64 113.562690 63.867293 20 130 4
65 131.021341 113.838970 20 138 3
66 119.467806 104.249749 20 120 1
67 32.857363 11.942706 20 138 5
68 191.887137 79.889154 20 109 2
69 56.297447 108.944192 20 132 5
70 195.888907 49.779084 20 149 1
71 131.392058 103.722179 20 146 3
72 139.740860 78.310722 20 101 5
73 112.737450 157.290836 20 127 5
74 73.638382 136.701836 20 148 5
75 159.893999 6.269196 20 129 5
76 128.029309 45.965448 20 131 1
77 1.581197 104.660747 20 127 1
78 193.589233 47.254646 20 113 1
79 172.204055 126.601520 20 102 4
80 100.906840 38.730407 20 145 3
81 13.228961 104.411834 20 133 1
82 58.918240 16.728797 20 123 1
83 1.722826 26.964203 20 117 4
84 95.024499 8.461676 20 149 4
85 152.946141 132.729369 20 125 3
86 87.695574 64.368488 20 142 4
87 9.359735 123.343930 20 113 3
88 79.677562 142.282905 20 129 4
89 15.869454 130.338101 20 103 4
90 82.917029 146.918648 20 132 3
91 9.946153 1.762971 20 121 5
92 74.093091 164.133111 20 112 4
93 35.945961 125.407547 20 109 3
94 48.483887 85.243452 20 121 2
95 65.748920 132.498363 20 102 5
96 117.044610 169.687058 20 103 1
97 187.425569 35.068924 20 117 4
98 168.886704 14.443767 20 118 5
99 46.011166 90.155668 20 132 2
100 111.511032 81.598838 20 132 5
101 137.368916 176.711085 20 141 4
102 172.027149 22.739274 20 108 5
103 32.941253 42.728394 20 102 2
104 94.212834 126.684772 20 149 1
105 49.153728 14.031369 20 104 3
106 175.351367 174.878613 20 140 2
107 90.307282 107.256425 20 103 5
108 51.652278 110.648912 20 104 2
109 66.737364 26.390969 20 115 5
110 117.888081 20.954614 20 0 5
111 155.967397 197.050882 20 0 2
112 49.810846 172.383011 20 0 1
113 169.399343 158.363744 20 0 1
114 197.254115 170.766664 20 0 2
115 6.367013 131.073191 20 0 2
116 73.955799 155.423387 20 0 2
117 82.079542 89.935295 20 0 2
118 4.017879 187.076333 20 0 5
119 137.772885 122.609088 20 0 2
120 185.698625 48.847404 20 0 3
121 114.791609 23.335772 20 0 3
122 129.487939 56.979379 20 0 4
123 131.081222 153.397053 20 0 3
124 63.829980 7.430765 20 0 1
125 179.172152 12.498524 20 0 3
126 123.851524 141.427277 20 0 5
127 115.258665 139.898967 20 0 4
128 152.776103 48.418074 20 0 4
129 104.589859 81.154694 20 0 3
130 108.868980 189.227531 20 0 2
131 159.883155 197.341237 20 0 5
132 27.171160 153.181245 20 0 5
133 194.249009 84.496673 20 0 4
134 128.427951 38.643308 20 0 3
135 81.408853 65.787848 20 0 2
136 163.810028 23.692832 20 0 1
137 52.363931 95.109185 20 0 1
138 139.139826 94.635725 20 0 5
139 69.304210 40.417983 20 0 4
140 64.797849 27.571379 20 0 5
141 140.885874 37.128125 20 0 5
142 107.322606 185.478309 20 0 3
143 14.247525 74.962827 20 0 1
144 34.638275 28.152436 20 0 2
145 87.918861 106.618898 20 0 2
146 30.518845 128.555220 20 0 3
147 56.638217 109.711735 20 0 4
148 59.875776 160.750779 20 0 4
149 83.631452 7.866724 20 0 1
150 14.455056 180.985095 20 0 5
151 66.077627 106.122654 20 0 4
152 91.616577 20.445865 20 0 2
153 189.309615 150.808785 20 0 4
154 10.896360 46.699378 20 0 3
155 23.081664 77.850289 20 0 2
156 44.769112 120.436429 20 0 4
157 51.082848 191.163715 20 0 4
158 4.388769 29.259911 20 0 2
159 111.297097 51.514170 20 0 3
2752
0 9
0 20
0 56
0 64
0 65
0 66
0 71
0 86
0 100
0 104
0 107
0 117
0 129
0 135
0 138
0 145
0 151
1 37
1 46
1 50
1 67
1 83
1 91
1 144
1 154
1 158
2 10
2 11
2 17
2 21
2 35
2 38
2 45
2 48
2 75
2 76
2 98
2 102
2 110
2 121
2 125
2 128
2 134
2 136
2 141
3 6
3 19
3 20
3 41
3 47
3 60
3 73
3 74
3 88
3 90
3 92
3 96
3 101
3 116
3 123
3 126
3 127
3 130
3 142
3 148
4 8
4 12
4 16
4 26
4 41
4 42
4 55
4 62
4 89
4 93
4 112
4 115
4 118
4 132
4 146
4 148
4 150
4 157
5 31
5 37
5 49
5 52
5 53
5 59
5 83
5 94
5 103
5 143
5 144
5 154
5 155
5 158
6 3
6 19
6 20
6 41
6 47
6 60
6 73
6 74
6 88
6 90
6 92
6 96
6 104
6 116
6 123
6 126
6 127
6 130
6 142
6 148
7 12
7 13
7 16
7 22
7 24
7 30
7 36
7 42
7 59
7 69
7 77
7 81
7 87
7 89
7 93
7 94
7 95
7 99
7 108
7 115
7 132
7 137
7 146
7 147
7 151
7 156
8 4
8 26
8 55
8 62
8 118
8 150
9 0
9 11
9 15
9 25
9 38
9 44
9 45
9 56
9 64
9 66
9 71
9 72
9 76
9 80
9 86
9 100
9 122
9 128
9 129
9 134
9 135
9 138
9 141
9 159
10 2
10 11
10 35
10 48
10 70
10 75
10 78
10 97
10 98
10 102
10 120
10 125
10 128
10 136
10 141
11 2
11 9
11 10
11 17
11 21
11 25
11 38
11 44
11 45
11 48
11 64
11 72
11 75
11 76
11 98
11 102
11 110
11 121
11 122
11 128
11 134
11 136
11 141
11 159
12 4
12 7
12 16
12 22
12 24
12 36
12 41
12 42
12 62
12 69
12 74
12 88
12 89
12 90
12 92
12 93
12 95
12 108
12 112
12 116
12 132
12 146
12 147
12 148
12 156
13 7
13 22
13 24
13 30
13 36
13 49
13 51
13 59
13 69
13 81
13 93
13 94
13 99
13 108
13 117
13 137
13 143
13 146
13 147
13 151
13 155
13 156
14 27
14 29
14 34
14 39
14 51
14 54
14 56
14 64
14 80
14 86
14 94
14 109
14 117
14 129
14 135
14 139
14 140
14 159
15 9
15 44
15 45
15 61
15 63
15 64
15 65
15 66
15 71
15 72
15 76
15 100
15 122
15 128
15 129
15 138
16 4
16 7
16 12
16 22
16 30
16 36
16 42
16 62
16 77
16 81
16 87
16 89
16 93
16 108
16 115
16 132
16 146
16 156
17 2
17 11
17 21
17 25
17 35
17 38
17 43
17 45
17 75
17 76
17 80
17 84
17 98
17 110
17 121
17 122
17 128
17 134
17 136
17 141
17 159
18 47
18 58
18 85
18 96
18 101
18 106
18 111
18 113
18 123
18 131
18 153
19 3
19 6
19 24
19 41
19 42
19 60
19 73
19 74
19 88
19 90
19 92
19 95
19 96
19 104
19 112
19 116
19 130
19 142
19 148
20 0
20 3
20 6
20 33
20 40
20 47
20 60
20 61
20 65
20 66
20 71
20 73
20 74
20 88
20 90
20 96
20 104
20 107
20 119
20 123
20 126
20 127
20 145
21 2
21 11
21 17
21 35
21 38
21 43
21 75
21 84
21 98
21 110
21 121
21 134
21 136
21 141
22 7
22 12
22 13
22 16
22 24
22 30
22 36
22 42
22 51
22 69
22 74
22 88
22 90
22 93
22 94
22 95
22 99
22 104
22 107
22 108
22 117
22 137
22 145
22 146
22 147
22 151
22 156
23 32
23 40
23 61
23 63
23 68
23 79
23 133
23 138
24 7
24 12
24 13
24 19
24 22
24 30
24 41
24 42
24 69
24 74
24 88
24 90
24 92
24 93
24 95
24 104
24 107
24 108
24 116
24 117
24 137
24 145
24 146
24 147
24 148
24 151
24 156
25 9
25 11
25 17
25 38
25 43
25 44
25 45
25 56
25 64
25 76
25 80
25 86
25 100
25 110
25 121
25 122
25 128
25 129
25 134
25 135
25 141
25 152
25 159
26 4
26 8
26 41
26 55
26 62
26 112
26 118
26 132
26 148
26 150
26 157
27 14
27 29
27 31
27 34
27 37
27 39
27 54
27 57
27 67
27 82
27 103
27 105
27 109
27 124
27 139
27 140
27 144
27 149
27 152
28 32
28 58
28 79
28 106
28 113
28 114
28 153
29 14
29 27
29 31
29 34
29 37
29 39
29 43
29 54
29 57
29 67
29 82
29 84
29 103
29 105
29 109
29 124
29 139
29 140
29 144
29 149
29 152
30 7
30 13
30 16
30 22
30 24
30 36
30 49
30 51
30 59
30 69
30 77
30 81
30 87
30 89
30 93
30 94
30 99
30 108
30 137
30 143
30 146
30 147
30 151
30 155
30 156
31 5
31 27
31 29
31 34
31 37
31 39
31 49
31 52
31 53
31 54
31 59
31 67
31 82
31 94
31 103
31 105
31 109
31 139
31 140
31 143
31 144
31 154
31 155
31 158
32 23
32 28
32 68
32 79
32 133
33 20
33 40
33 47
33 60
33 61
33 65
33 66
33 71
33 73
33 85
33 96
33 104
33 119
33 123
33 126
33 127
34 14
34 27
34 29
34 31
34 37
34 39
34 54
34 57
34 80
34 82
34 86
34 103
34 105
34 109
34 135
34 139
34 140
34 144
34 152
35 2
35 10
35 17
35 21
35 48
35 75
35 97
35 98
35 102
35 125
35 136
36 7
36 12
36 13
36 16
36 22
36 30
36 42
36 59
36 69
36 77
36 81
36 87
36 89
36 93
36 99
36 108
36 115
36 132
36 137
36 146
36 147
36 156
37 1
37 5
37 27
37 29
37 31
37 34
37 39
37 46
37 50
37 52
37 53
37 57
37 67
37 82
37 83
37 91
37 103
37 105
37 109
37 124
37 139
37 140
37 144
37 154
37 158
38 2
38 9
38 11
38 17
38 21
38 25
38 43
38 44
38 45
38 64
38 76
38 80
38 110
38 121
38 122
38 128
38 134
38 136
38 141
38 159
39 14
39 27
39 29
39 31
39 34
39 37
39 43
39 54
39 57
39 80
39 82
39 84
39 86
39 105
39 109
39 124
39 135
39 139
39 140
39 144
39 149
39 152
40 20
40 23
40 33
40 47
40 58
40 61
40 65
40 66
40 71
40 79
40 85
40 113
40 119
40 123
40 126
40 127
40 138
41 3
41 4
41 6
41 12
41 19
41 24
41 26
41 42
41 62
41 74
41 88
41 90
41 92
41 95
41 112
41 116
41 132
41 148
41 157
42 4
42 7
42 12
42 16
42 19
42 22
42 24
42 36
42 41
42 62
42 69
42 74
42 88
42 89
42 90
42 92
42 93
42 95
42 108
42 112
42 116
42 132
42 146
42 147
42 148
42 151
42 156
43 17
43 21
43 25
43 29
43 38
43 39
43 57
43 80
43 82
43 84
43 109
43 110
43 121
43 124
43 134
43 139
43 140
43 149
43 152
43 159
44 9
44 11
44 15
44 25
44 38
44 45
44 56
44 64
44 72
44 76
44 80
44 86
44 100
44 110
44 121
44 122
44 128
44 129
44 134
44 135
44 141
44 159
45 2
45 9
45 11
45 15
45 17
45 25
45 38
45 44
45 64
45 72
45 76
45 80
45 110
45 121
45 122
45 128
45 134
45 136
45 141
45 159
46 1
46 37
46 50
46 52
46 53
46 67
46 83
46 91
46 144
46 154
46 158
47 3
47 6
47 18
47 20
47 33
47 40
47 58
47 60
47 61
47 73
47 85
47 96
47 101
47 113
47 119
47 123
47 126
47 127
47 130
47 142
48 2
48 10
48 11
48 35
48 70
48 75
48 78
48 97
48 98
48 102
48 120
48 125
48 128
48 136
48 141
49 5
49 13
49 30
49 31
49 51
49 52
49 53
49 59
49 77
49 81
49 94
49 99
49 103
49 137
49 143
49 154
49 155
50 1
50 37
50 46
50 67
50 83
50 91
50 144
50 158
51 13
51 14
51 22
51 30
51 49
51 59
51 69
51 86
51 94
51 99
51 107
51 108
51 117
51 135
51 137
51 145
51 147
51 151
51 155
51 156
52 5
52 31
52 37
52 46
52 49
52 53
52 83
52 103
52 143
52 144
52 154
52 155
52 158
53 5
53 31
53 37
53 46
53 49
53 52
53 67
53 83
53 103
53 143
53 144
53 154
53 155
53 158
54 14
54 27
54 29
54 31
54 34
54 39
54 56
54 57
54 80
54 82
54 86
54 109
54 135
54 139
54 140
54 152
54 159
55 4
55 8
55 26
55 62
55 118
55 150
56 0
56 9
56 14
56 25
56 44
56 54
56 64
56 66
56 80
56 86
56 100
56 107
56 117
56 122
56 129
56 135
56 145
56 159
57 27
57 29
57 34
57 37
57 39
57 43
57 54
57 67
57 82
57 84
57 103
57 105
57 109
57 124
57 139
57 140
57 144
57 149
57 152
58 18
58 28
58 40
58 47
58 61
58 79
58 85
58 101
58 106
58 113
58 119
58 123
58 126
58 153
59 5
59 7
59 13
59 30
59 31
59 36
59 49
59 51
59 69
59 77
59 81
59 94
59 99
59 108
59 137
59 143
59 147
59 155
59 156
60 3
60 6
60 19
60 20
60 33
60 47
60 73
60 88
60 90
60 96
60 101
60 104
60 119
60 123
60 126
60 127
60 130
60 142
61 15
61 20
61 23
61 33
61 40
61 47
61 58
61 65
61 66
61 71
61 79
61 85
61 119
61 123
61 126
61 127
61 138
62 4
62 8
62 12
62 16
62 26
62 41
62 42
62 55
62 89
62 93
62 112
62 118
62 132
62 146
62 148
62 150
62 157
63 15
63 23
63 68
63 72
63 120
63 128
63 133
63 138
64 0
64 9
64 11
64 14
64 15
64 25
64 38
64 44
64 45
64 56
64 72
64 76
64 80
64 86
64 100
64 122
64 129
64 134
64 135
64 141
64 159
65 0
65 15
65 20
65 33
65 40
65 61
65 66
65 71
65 72
65 85
65 100
65 104
65 119
65 123
65 126
65 127
65 138
66 0
66 9
66 15
66 20
66 33
66 40
66 56
66 61
66 65
66 71
66 72
66 100
66 104
66 107
66 119
66 126
66 127
66 129
66 138
66 145
67 1
67 27
67 29
67 31
67 37
67 46
67 50
67 53
67 57
67 82
67 83
67 91
67 103
67 105
67 109
67 124
67 140
67 144
67 158
68 23
68 32
68 63
68 70
68 78
68 120
68 133
69 7
69 12
69 13
69 22
69 24
69 30
69 36
69 42
69 51
69 59
69 74
69 93
69 94
69 95
69 99
69 107
69 108
69 117
69 137
69 145
69 146
69 147
69 151
69 156
70 10
70 48
70 68
70 78
70 97
70 102
70 120
70 133
71 0
71 9
71 15
71 20
71 33
71 40
71 61
71 65
71 66
71 72
71 85
71 100
71 119
71 126
71 127
71 129
71 138
72 9
72 11
72 15
72 44
72 45
72 63
72 64
72 65
72 66
72 71
72 76
72 100
72 122
72 128
72 129
72 138
72 159
73 3
73 6
73 19
73 20
73 33
73 47
73 60
73 88
73 90
73 92
73 96
73 101
73 104
73 116
73 123
73 126
73 127
73 130
73 142
74 3
74 6
74 12
74 19
74 20
74 22
74 24
74 41
74 42
74 69
74 88
74 90
74 92
74 93
74 95
74 104
74 107
74 108
74 116
74 145
74 147
74 148
74 151
74 156
75 2
75 10
75 11
75 17
75 21
75 35
75 48
75 97
75 98
75 102
75 125
75 136
75 141
76 2
76 9
76 11
76 15
76 17
76 25
76 38
76 44
76 45
76 64
76 72
76 80
76 100
76 110
76 121
76 122
76 128
76 134
76 141
76 159
77 7
77 16
77 30
77 36
77 49
77 59
77 81
77 87
77 89
77 115
77 143
77 146
77 155
78 10
78 48
78 68
78 70
78 97
78 102
78 120
78 125
78 133
78 136
79 23
79 28
79 32
79 40
79 58
79 61
79 85
79 113
79 119
79 153
80 9
80 14
80 17
80 25
80 34
80 38
80 39
80 43
80 44
80 45
80 54
80 56
80 64
80 76
80 84
80 86
80 109
80 110
80 121
80 122
80 134
80 135
80 139
80 140
80 149
80 152
80 159
81 7
81 13
81 16
81 30
81 36
81 49
81 59
81 77
81 87
81 89
81 93
81 99
81 108
81 115
81 143
81 146
81 155
81 156
82 27
82 29
82 31
82 34
82 37
82 39
82 43
82 54
82 57
82 67
82 84
82 103
82 105
82 109
82 124
82 139
82 140
82 144
82 149
82 152
83 1
83 5
83 37
83 46
83 50
83 52
83 53
83 67
83 91
83 103
83 144
83 154
83 158
84 17
84 21
84 29
84 39
84 43
84 57
84 80
84 82
84 109
84 110
84 121
84 124
84 140
84 149
84 152
85 18
85 33
85 40
85 47
85 58
85 61
85 65
85 71
85 79
85 113
85 119
85 123
85 126
85 127
86 0
86 9
86 14
86 25
86 34
86 39
86 44
86 51
86 54
86 56
86 64
86 80
86 100
86 117
86 129
86 135
86 139
86 159
87 7
87 16
87 30
87 36
87 77
87 81
87 89
87 93
87 115
87 132
87 146
87 156
88 3
88 6
88 12
88 19
88 20
88 22
88 24
88 41
88 42
88 60
88 73
88 74
88 90
88 92
88 95
88 104
88 107
88 116
88 127
88 145
88 147
88 148
88 151
89 4
89 7
89 12
89 16
89 30
89 36
89 42
89 62
89 77
89 81
89 87
89 93
89 115
89 132
89 146
89 156
90 3
90 6
90 12
90 19
90 20
90 22
90 24
90 41
90 42
90 60
90 73
90 74
90 88
90 92
90 95
90 104
90 116
90 127
90 148
91 1
91 37
91 46
91 50
91 67
91 83
91 144
91 158
92 3
92 6
92 12
92 19
92 24
92 41
92 42
92 73
92 74
92 88
92 90
92 95
92 112
92 116
92 142
92 148
92 157
93 4
93 7
93 12
93 13
93 16
93 22
93 24
93 30
93 36
93 42
93 62
93 69
93 74
93 81
93 87
93 89
93 95
93 99
93 108
93 115
93 132
93 137
93 146
93 147
93 151
93 156
94 5
94 7
94 13
94 14
94 22
94 30
94 31
94 49
94 51
94 59
94 69
94 99
94 108
94 117
94 135
94 137
94 143
94 147
94 151
94 155
94 156
95 7
95 12
95 19
95 22
95 24
95 41
95 42
95 69
95 74
95 88
95 90
95 92
95 93
95 104
95 107
95 108
95 116
95 137
95 145
95 146
95 147
95 148
95 151
95 156
96 3
96 6
96 18
96 19
96 20
96 33
96 47
96 60
96 73
96 101
96 123
96 126
96 127
96 130
96 142
97 10
97 35
97 48
97 70
97 75
97 78
97 98
97 102
97 120
97 125
97 128
97 136
98 2
98 10
98 11
98 17
98 21
98 35
98 48
98 75
98 97
98 102
98 120
98 125
98 128
98 136
98 141
99 7
99 13
99 22
99 30
99 36
99 49
99 51
99 59
99 69
99 81
99 93
99 94
99 108
99 117
99 137
99 143
99 147
99 151
99 155
99 156
100 0
100 9
100 15
100 25
100 44
100 56
100 64
100 65
100 66
100 71
100 72
100 76
100 86
100 107
100 117
100 122
100 129
100 135
100 138
100 145
100 159
101 3
101 18
101 47
101 58
101 60
101 73
101 96
101 106
101 111
101 113
101 123
101 126
101 130
101 131
101 142
102 2
102 10
102 11
102 35
102 48
102 70
102 75
102 78
102 97
102 98
102 120
102 125
102 128
102 136
102 141
103 5
103 27
103 29
103 31
103 34
103 37
103 49
103 52
103 53
103 57
103 67
103 82
103 83
103 105
103 109
103 139
103 140
103 143
103 144
103 154
103 155
103 158
104 0
104 6
104 19
104 20
104 22
104 24
104 33
104 60
104 65
104 66
104 73
104 74
104 88
104 90
104 95
104 107
104 116
104 117
104 126
104 127
104 145
104 151
105 27
105 29
105 31
105 34
105 37
105 39
105 57
105 67
105 82
105 103
105 109
105 124
105 139
105 140
105 144
105 149
106 18
106 28
106 58
106 101
106 111
106 113
106 114
106 131
106 153
107 0
107 20
107 22
107 24
107 51
107 56
107 66
107 69
107 74
107 88
107 95
107 100
107 104
107 108
107 117
107 129
107 137
107 145
107 147
107 151
108 7
108 12
108 13
108 16
108 22
108 24
108 30
108 36
108 42
108 51
108 59
108 69
108 74
108 81
108 93
108 94
108 95
108 99
108 107
108 117
108 137
108 145
108 146
108 147
108 151
108 156
109 14
109 27
109 29
109 31
109 34
109 37
109 39
109 43
109 54
109 57
109 67
109 80
109 82
109 84
109 103
109 105
109 124
109 139
109 140
109 144
109 149
109 152
110 2
110 11
110 17
110 21
110 25
110 38
110 43
110 44
110 45
110 76
110 80
110 84
110 121
110 122
110 134
110 141
110 149
110 152
110 159
111 18
111 101
111 106
111 131
112 4
112 12
112 19
112 26
112 41
112 42
112 62
112 92
112 116
112 132
112 148
112 150
112 157
113 18
113 28
113 40
113 47
113 58
113 79
113 85
113 101
113 106
113 114
113 123
113 153
114 28
114 106
114 113
114 153
115 4
115 7
115 16
115 36
115 77
115 81
115 87
115 89
115 93
115 132
115 146
115 156
116 3
116 6
116 12
116 19
116 24
116 41
116 42
116 73
116 74
116 88
116 90
116 92
116 95
116 104
116 112
116 148
117 0
117 13
117 14
117 22
117 24
117 51
117 56
117 69
117 86
117 94
117 99
117 100
117 104
117 107
117 108
117 129
117 135
117 137
117 145
117 147
117 151
118 4
118 8
118 26
118 55
118 62
118 150
119 20
119 33
119 40
119 47
119 58
119 60
119 61
119 65
119 66
119 71
119 79
119 85
119 123
119 126
119 127
119 138
120 10
120 48
120 63
120 68
120 70
120 78
120 97
120 98
120 102
120 125
120 128
120 133
120 136
121 2
121 11
121 17
121 21
121 25
121 38
121 43
121 44
121 45
121 76
121 80
121 84
121 110
121 122
121 134
121 141
121 149
121 152
121 159
122 9
122 11
122 15
122 17
122 25
122 38
122 44
122 45
122 56
122 64
122 72
122 76
122 80
122 100
122 110
122 121
122 128
122 129
122 134
122 138
122 141
122 159
123 3
123 6
123 18
123 20
123 33
123 40
123 47
123 58
123 60
123 61
123 65
123 73
123 85
123 96
123 101
123 113
123 119
123 126
123 127
123 142
124 27
124 29
124 37
124 39
124 43
124 57
124 67
124 82
124 84
124 105
124 109
124 139
124 140
124 144
124 149
124 152
125 2
125 10
125 35
125 48
125 75
125 78
125 97
125 98
125 102
125 120
125 136
126 3
126 6
126 20
126 33
126 40
126 47
126 58
126 60
126 61
126 65
126 66
126 71
126 73
126 85
126 96
126 101
126 104
126 119
126 123
126 127
127 3
127 6
127 20
127 33
127 40
127 47
127 60
127 61
127 65
127 66
127 71
127 73
127 85
127 88
127 90
127 96
127 104
127 119
127 123
127 126
128 2
128 9
128 10
128 11
128 15
128 17
128 25
128 38
128 44
128 45
128 48
128 63
128 72
128 76
128 97
128 98
128 102
128 120
128 122
128 134
128 136
128 141
129 0
129 9
129 14
129 15
129 25
129 44
129 56
129 64
129 66
129 71
129 72
129 86
129 100
129 107
129 117
129 122
129 135
129 138
129 145
129 159
130 3
130 6
130 19
130 47
130 60
130 73
130 96
130 101
130 142
131 18
131 101
131 106
131 111
132 4
132 7
132 12
132 16
132 26
132 36
132 41
132 42
132 62
132 87
132 89
132 93
132 112
132 115
132 146
132 148
132 150
132 156
133 23
133 32
133 63
133 68
133 70
133 78
133 120
134 2
134 9
134 11
134 17
134 21
134 25
134 38
134 43
134 44
134 45
134 64
134 76
134 80
134 110
134 121
134 122
134 128
134 136
134 141
134 159
135 0
135 9
135 14
135 25
135 34
135 39
135 44
135 51
135 54
135 56
135 64
135 80
135 86
135 94
135 100
135 117
135 129
135 139
135 159
136 2
136 10
136 11
136 17
136 21
136 35
136 38
136 45
136 48
136 75
136 78
136 97
136 98
136 102
136 120
136 125
136 128
136 134
136 141
137 7
137 13
137 22
137 24
137 30
137 36
137 49
137 51
137 59
137 69
137 93
137 94
137 95
137 99
137 107
137 108
137 117
137 145
137 146
137 147
137 151
137 155
137 156
138 0
138 9
138 15
138 23
138 40
138 61
138 63
138 65
138 66
138 71
138 72
138 100
138 119
138 122
138 129
139 14
139 27
139 29
139 31
139 34
139 37
139 39
139 43
139 54
139 57
139 80
139 82
139 86
139 103
139 105
139 109
139 124
139 135
139 140
139 144
139 149
139 152
140 14
140 27
140 29
140 31
140 34
140 37
140 39
140 43
140 54
140 57
140 67
140 80
140 82
140 84
140 103
140 105
140 109
140 124
140 139
140 144
140 149
140 152
141 2
141 9
141 10
141 11
141 17
141 21
141 25
141 38
141 44
141 45
141 48
141 64
141 75
141 76
141 98
141 102
141 110
141 121
141 122
141 128
141 134
141 136
141 159
142 3
142 6
142 19
142 47
142 60
142 73
142 92
142 96
142 101
142 123
142 130
143 5
143 13
143 30
143 31
143 49
143 52
143 53
143 59
143 77
143 81
143 94
143 99
143 103
143 154
143 155
144 1
144 5
144 27
144 29
144 31
144 34
144 37
144 39
144 46
144 50
144 52
144 53
144 57
144 67
144 82
144 83
144 91
144 103
144 105
144 109
144 124
144 139
144 140
144 154
144 158
145 0
145 20
145 22
145 24
145 51
145 56
145 66
145 69
145 74
145 88
145 95
145 100
145 104
145 107
145 108
145 117
145 129
145 137
145 147
145 151
146 4
146 7
146 12
146 13
146 16
146 22
146 24
146 30
146 36
146 42
146 62
146 69
146 77
146 81
146 87
146 89
146 93
146 95
146 108
146 115
146 132
146 137
146 147
146 156
147 7
147 12
147 13
147 22
147 24
147 30
147 36
147 42
147 51
147 59
147 69
147 74
147 88
147 93
147 94
147 95
147 99
147 107
147 108
147 117
147 137
147 145
147 146
147 151
147 156
148 3
148 4
148 6
148 12
148 19
148 24
148 26
148 41
148 42
148 62
148 74
148 88
148 90
148 92
148 95
148 112
148 116
148 132
148 157
149 27
149 29
149 39
149 43
149 57
149 80
149 82
149 84
149 105
149 109
149 110
149 121
149 124
149 139
149 140
149 152
150 4
150 8
150 26
150 55
150 62
150 112
150 118
150 132
150 157
151 0
151 7
151 13
151 22
151 24
151 30
151 42
151 51
151 69
151 74
151 88
151 93
151 94
151 95
151 99
151 104
151 107
151 108
151 117
151 137
151 145
151 147
151 156
152 25
152 27
152 29
152 34
152 39
152 43
152 54
152 57
152 80
152 82
152 84
152 109
152 110
152 121
152 124
152 139
152 140
152 149
152 159
153 18
153 28
153 58
153 79
153 106
153 113
153 114
154 1
154 5
154 31
154 37
154 46
154 49
154 52
154 53
154 83
154 103
154 143
154 144
154 155
154 158
155 5
155 13
155 30
155 31
155 49
155 51
155 52
155 53
155 59
155 77
155 81
155 94
155 99
155 103
155 137
155 143
155 154
156 7
156 12
156 13
156 16
156 22
156 24
156 30
156 36
156 42
156 51
156 59
156 69
156 74
156 81
156 87
156 89
156 93
156 94
156 95
156 99
156 108
156 115
156 132
156 137
156 146
156 147
156 151
157 4
157 26
157 41
157 62
157 92
157 112
157 148
157 150
158 1
158 5
158 31
158 37
158 46
158 50
158 52
158 53
158 67
158 83
158 91
158 103
158 144
158 154
159 9
159 11
159 14
159 17
159 25
159 38
159 43
159 44
159 45
159 54
159 56
159 64
159 72
159 76
159 80
159 86
159 100
159 110
159 121
159 122
159 129
159 134
159 135
159 141
159 152
