4
2 1
160
0 100.000000 100.000000 15 99999999 4
1 62.985569 40.100745 15 100 3
2 113.260689 116.956944 15 109 3
3 163.068671 106.202113 15 121 2
4 91.306176 77.649495 15 110 3
5 143.683053 86.508149 15 110 3
6 29.581590 32.017942 15 136 2
7 181.681279 96.653119 15 147 2
8 162.797339 30.458361 15 130 4
9 166.907430 165.086625 15 101 1
10 93.828046 197.606846 15 112 2
11 92.234978 94.627086 15 146 5
12 21.779806 8.047338 15 143 1
13 34.875813 49.045637 15 128 4
14 31.375810 17.860495 15 111 2
15 12.767757 23.442213 15 138 1
16 87.117811 162.098849 15 118 5
17 19.670553 54.841437 15 129 5
18 181.647047 190.053860 15 119 3
19 134.639074 188.277960 15 111 2
20 109.858431 5.791679 15 130 1
21 133.526637 190.742957 15 101 5
22 179.627706 123.044593 15 134 5
23 48.332542 54.949722 15 108 3
24 54.868428 59.930313 15 121 5
25 177.522340 111.146002 15 140 2
26 106.578493 149.334354 15 141 3
27 181.990731 175.303052 15 134 2
28 162.109853 160.632283 15 144 4
29 63.202383 72.587217 15 141 1
30 176.910270 167.367453 15 119 5
31 103.970293 49.096846 15 142 3
32 42.429643 48.750907 15 148 1
33 68.309813 60.283884 15 100 2
34 146.923325 115.535057 15 140 5
35 69.799723 32.185859 15 107 4
36 127.749984 169.424113 15 108 3
37 106.423273 19.660980 15 118 2
38 140.912771 81.500540 15 143 1
39 118.177649 181.367327 15 108 3
40 185.701775 24.261392 15 127 3
41 82.417445 151.604120 15 139 1
42 156.103895 94.127785 15 103 4
43 99.196497 95.759757 15 134 3
44 76.963939 37.356393 15 104 1
45 102.245759 93.547262 15 124 3
46 102.513155 191.964089 15 138 5
47 184.965594 80.225216 15 102 2
48 101.074176 71.562753 15 113 2
49 197.854215 118.382090 15 101 3
50 17.161213 57.297238 15 142 2
51 105.148664 38.040390 15 124 5
52 167.518803 98.241209 15 112 4
53 34.382546 57.084084 15 113 5
54 183.877180 15.765304 15 114 5
55 90.869438 193.367110 15 102 5
56 129.336915 62.957139 15 112 1
57 163.416600 84.818395 15 129 3
58 77.753439 52.899577 15 106 1
59 196.214611 111.682301 15 133 2
60 181.894048 55.426318 15 105 5
61 141.357337 14.544884 15 130 3
62 90.687122 170.553504 15 108 4
63 114.830978 24.486277 15 149 3
64 155.034124 25.558133 15 103 1
65 27.638127 86.179841 15 116 2
66 131.455420 9.841781 15 134 5
67 21.736623 50.259820 15 147 4
68 4.826478 27.440445 15 141 2
69 23.860334 77.316115 15 132 2
70 17.483045 14.396220 15 135 4
71 102.277393 128.879399 15 117 1
72 45.458410 71.542095 15 103 2
73 32.806611 14.685860 15 100 3
74 128.263478 173.805070 15 114 1
75 113.874161 81.419435 15 126 4
76 148.712094 0.164218 15 105 2
77 158.042396 194.993475 15 125 4
78 133.799888 37.924129 15 135 1
79 186.721293 87.491797 15 138 2
80 80.927785 66.410253 15 106 5
81 118.761706 50.996886 15 114 2
82 137.533581 89.757809 15 101 1
83 139.541899 168.034768 15 108 2
84 50.587626 73.785774 15 107 1
85 97.408989 144.887757 15 132 1
86 108.881346 168.599892 15 115 1
87 92.552436 85.720807 15 140 1
88 126.855456 56.188322 15 146 3
89 124.418673 46.858407 15 109 3
90 177.007241 89.051396 15 121 2
91 121.972362 37.687752 15 133 5
92 83.141129 30.261035 15 111 2
93 103.405385 149.173696 15 142 2
94 194.398360 113.213417 15 123 2
95 90.479741 167.741417 15 143 5
96 115.408595 67.475191 15 118 5
97 58.990818 22.686456 15 144 2
98 39.848947 33.743571 15 142 2
99 191.251878 35.224553 15 108 4
100 160.332218 95.142678 15 104 4
101 189.854177 176.782399 15 147 4
102 198.144257 153.835700 15 123 1
103 133.496236 173.684899 15 101 2
104 155.970665 170.310617 15 116 3
105 32.153138 106.041801 15 105 3
106 184.792239 132.980980 15 113 2
107 150.653638 115.688285 15 149 2
108 161.998613 91.283000 15 101 1
109 112.117167 125.951597 15 103 3
110 57.011148 155.656152 15 0 5
111 86.836188 71.762331 15 0 2
112 166.626843 31.933815 15 0 5
113 31.657723 5.984817 15 0 5
114 184.182135 39.104132 15 0 3
115 180.422300 135.558751 15 0 3
116 52.542543 187.287579 15 0 5
117 115.114286 110.533797 15 0 1
118 106.888979 76.957153 15 0 1
119 197.409431 6.909711 15 0 2
120 124.797140 49.228500 15 0 1
121 47.980208 47.063036 15 0 1
122 107.090757 98.373127 15 0 3
123 153.343772 159.676860 15 0 4
124 18.373056 123.845268 15 0 4
125 23.216743 163.820364 15 0 3
126 116.938881 11.825978 15 0 4
127 137.908514 75.169122 15 0 3
128 191.287452 78.375971 15 0 5
129 51.850056 181.954579 15 0 2
130 177.960925 180.600669 15 0 3
131 107.471115 93.625875 15 0 2
132 153.296109 153.036158 15 0 1
133 198.128598 164.197993 15 0 1
134 124.533456 8.894731 15 0 3
135 151.338989 2.351756 15 0 5
136 43.238981 96.658707 15 0 3
137 3.345120 151.006923 15 0 1
138 107.970237 157.524999 15 0 3
139 95.128321 105.437715 15 0 5
140 186.051566 161.409000 15 0 3
141 140.736094 105.379153 15 0 4
142 16.420708 109.120844 15 0 3
143 114.827874 171.048926 15 0 5
144 188.217868 87.766148 15 0 3
145 33.832122 169.702176 15 0 5
146 38.342610 141.395042 15 0 4
147 198.878613 16.095315 15 0 3
148 164.447402 9.274257 15 0 4
149 124.622229 167.138186 15 0 2
150 79.747134 133.207343 15 0 2
151 57.946204 125.850768 15 0 4
152 107.266383 144.301030 15 0 1
153 92.878799 153.308693 15 0 5
154 93.644732 39.677806 15 0 5
155 98.603742 133.082416 15 0 1
156 120.010909 152.274234 15 0 2
157 105.262425 110.610526 15 0 1
158 59.892762 190.156331 15 0 4
159 8.515233 65.200129 15 0 4
1758
0 2
0 4
0 11
0 43
0 45
0 48
0 71
0 75
0 87
0 109
0 117
0 118
0 122
0 131
0 139
0 157
1 13
1 23
1 24
1 32
1 33
1 35
1 44
1 58
1 92
1 97
1 98
1 121
2 0
2 43
2 45
2 71
2 109
2 117
2 122
2 131
2 139
2 141
2 152
2 155
2 157
3 5
3 7
3 22
3 25
3 34
3 42
3 52
3 57
3 90
3 100
3 107
3 108
3 141
4 0
4 11
4 29
4 33
4 43
4 45
4 48
4 58
4 75
4 80
4 87
4 96
4 111
4 118
4 122
4 131
4 139
5 3
5 34
5 38
5 42
5 52
5 56
5 57
5 82
5 100
5 108
5 127
5 141
6 12
6 13
6 14
6 15
6 17
6 23
6 32
6 50
6 53
6 67
6 68
6 70
6 73
6 98
6 113
6 121
7 3
7 22
7 25
7 42
7 47
7 49
7 52
7 57
7 59
7 79
7 90
7 94
7 100
7 108
7 128
7 144
8 40
8 54
8 61
8 64
8 78
8 99
8 112
8 114
8 148
9 18
9 27
9 28
9 30
9 83
9 101
9 104
9 123
9 130
9 132
9 140
10 39
10 46
10 55
10 62
11 0
11 4
11 43
11 45
11 48
11 75
11 87
11 111
11 117
11 118
11 122
11 131
11 139
11 157
12 6
12 14
12 15
12 68
12 70
12 73
12 113
13 1
13 6
13 17
13 23
13 24
13 32
13 50
13 53
13 67
13 72
13 84
13 98
13 121
14 6
14 12
14 15
14 68
14 70
14 73
14 97
14 98
14 113
15 6
15 12
15 14
15 67
15 68
15 70
15 73
15 98
15 113
16 26
16 41
16 62
16 85
16 86
16 93
16 95
16 138
16 143
16 150
16 152
16 153
17 6
17 13
17 23
17 32
17 50
17 53
17 67
17 69
17 98
17 121
17 159
18 9
18 27
18 30
18 77
18 101
18 130
18 140
19 21
19 36
19 39
19 74
19 77
19 83
19 103
19 104
19 143
19 149
20 37
20 63
20 66
20 126
20 134
21 19
21 36
21 39
21 74
21 77
21 83
21 103
21 143
21 149
22 3
22 7
22 25
22 49
22 52
22 59
22 94
22 106
22 107
22 115
23 1
23 6
23 13
23 17
23 24
23 29
23 32
23 33
23 53
23 58
23 67
23 72
23 84
23 98
23 121
24 1
24 13
24 23
24 29
24 32
24 33
24 53
24 58
24 72
24 80
24 84
24 121
25 3
25 7
25 22
25 42
25 49
25 52
25 57
25 59
25 79
25 90
25 94
25 100
25 106
25 107
25 108
25 115
25 144
26 16
26 36
26 41
26 62
26 71
26 85
26 86
26 93
26 95
26 109
26 138
26 143
26 149
26 152
26 153
26 155
26 156
27 9
27 18
27 28
27 30
27 101
27 102
27 104
27 130
27 133
27 140
28 9
28 27
28 30
28 83
28 104
28 123
28 130
28 132
28 140
29 4
29 23
29 24
29 33
29 58
29 72
29 80
29 84
29 111
29 121
30 9
30 18
30 27
30 28
30 101
30 102
30 104
30 123
30 130
30 132
30 133
30 140
31 37
31 44
31 48
31 51
31 56
31 58
31 63
31 80
31 81
31 88
31 89
31 91
31 92
31 96
31 111
31 118
31 120
31 154
32 1
32 6
32 13
32 17
32 23
32 24
32 33
32 50
32 53
32 67
32 72
32 84
32 98
32 121
33 1
33 4
33 23
33 24
33 29
33 32
33 35
33 44
33 58
33 72
33 80
33 84
33 111
33 121
34 3
34 5
34 42
34 52
34 82
34 100
34 107
34 108
34 141
35 1
35 33
35 44
35 58
35 92
35 97
35 98
35 121
35 154
36 19
36 21
36 26
36 39
36 74
36 83
36 86
36 103
36 104
36 123
36 138
36 143
36 149
36 156
37 20
37 31
37 51
37 63
37 66
37 91
37 92
37 126
37 134
37 154
38 5
38 42
38 56
38 57
38 75
38 82
38 88
38 96
38 100
38 108
38 127
38 141
39 10
39 19
39 21
39 36
39 46
39 55
39 62
39 74
39 83
39 86
39 103
39 138
39 143
39 149
39 156
40 8
40 54
40 99
40 112
40 114
40 119
40 147
40 148
41 16
41 26
41 62
41 85
41 93
41 95
41 110
41 138
41 150
41 152
41 153
41 155
42 3
42 5
42 7
42 25
42 34
42 38
42 52
42 57
42 82
42 90
42 100
42 107
42 108
42 127
42 141
43 0
43 2
43 4
43 11
43 45
43 48
43 75
43 87
43 111
43 117
43 118
43 122
43 131
43 139
43 157
44 1
44 31
44 33
44 35
44 51
44 58
44 80
44 92
44 97
44 154
45 0
45 2
45 4
45 11
45 43
45 48
45 75
45 87
45 96
45 111
45 117
45 118
45 122
45 131
45 139
45 157
46 10
46 39
46 55
46 62
46 86
46 95
46 143
47 7
47 52
47 57
47 60
47 79
47 90
47 100
47 108
47 128
47 144
48 0
48 4
48 11
48 31
48 43
48 45
48 56
48 58
48 75
48 80
48 81
48 87
48 96
48 111
48 118
48 122
48 131
49 7
49 22
49 25
49 59
49 94
49 106
49 115
50 6
50 13
50 17
50 32
50 53
50 67
50 69
50 159
51 31
51 37
51 44
51 63
51 78
51 81
51 88
51 89
51 91
51 92
51 120
51 126
51 154
52 3
52 5
52 7
52 22
52 25
52 34
52 42
52 47
52 57
52 79
52 90
52 100
52 107
52 108
52 141
52 144
53 6
53 13
53 17
53 23
53 24
53 32
53 50
53 65
53 67
53 69
53 72
53 84
53 98
53 121
53 159
54 8
54 40
54 99
54 112
54 114
54 119
54 147
54 148
55 10
55 39
55 46
55 62
55 95
56 5
56 31
56 38
56 48
56 75
56 78
56 81
56 82
56 88
56 89
56 91
56 96
56 118
56 120
56 127
57 3
57 5
57 7
57 25
57 38
57 42
57 47
57 52
57 79
57 82
57 90
57 100
57 108
57 127
57 128
57 144
58 1
58 4
58 23
58 24
58 29
58 31
58 33
58 35
58 44
58 48
58 80
58 92
58 111
58 154
59 7
59 22
59 25
59 49
59 79
59 90
59 94
59 106
59 115
59 144
60 47
60 99
60 112
60 114
60 128
61 8
61 63
61 64
61 66
61 76
61 78
61 126
61 134
61 135
61 148
62 10
62 16
62 26
62 39
62 41
62 46
62 55
62 85
62 86
62 93
62 95
62 138
62 143
62 153
63 20
63 31
63 37
63 51
63 61
63 66
63 78
63 81
63 89
63 91
63 120
63 126
63 134
63 154
64 8
64 61
64 66
64 76
64 78
64 112
64 135
64 148
65 53
65 69
65 72
65 84
65 105
65 136
65 142
65 159
66 20
66 37
66 61
66 63
66 64
66 76
66 78
66 91
66 126
66 134
66 135
67 6
67 13
67 15
67 17
67 23
67 32
67 50
67 53
67 68
67 69
67 98
67 121
67 159
68 6
68 12
68 14
68 15
68 67
68 70
69 17
69 50
69 53
69 65
69 67
69 72
69 84
69 105
69 136
69 159
70 6
70 12
70 14
70 15
70 68
70 73
70 98
70 113
71 0
71 2
71 26
71 85
71 93
71 109
71 117
71 138
71 139
71 150
71 152
71 153
71 155
71 156
71 157
72 13
72 23
72 24
72 29
72 32
72 33
72 53
72 65
72 69
72 84
72 121
72 136
73 6
73 12
73 14
73 15
73 70
73 97
73 98
73 113
74 19
74 21
74 36
74 39
74 83
74 86
74 103
74 104
74 123
74 138
74 143
74 149
74 156
75 0
75 4
75 11
75 38
75 43
75 45
75 48
75 56
75 82
75 87
75 88
75 96
75 111
75 117
75 118
75 122
75 127
75 131
76 61
76 64
76 66
76 134
76 135
76 148
77 18
77 19
77 21
77 104
77 130
78 8
78 51
78 56
78 61
78 63
78 64
78 66
78 81
78 88
78 89
78 91
78 120
79 7
79 25
79 47
79 52
79 57
79 59
79 90
79 94
79 100
79 108
79 128
79 144
80 4
80 24
80 29
80 31
80 33
80 44
80 48
80 58
80 87
80 111
80 118
80 154
81 31
81 48
81 51
81 56
81 63
81 78
81 88
81 89
81 91
81 96
81 118
81 120
81 154
82 5
82 34
82 38
82 42
82 56
82 57
82 75
82 100
82 107
82 108
82 127
82 141
83 9
83 19
83 21
83 28
83 36
83 39
83 74
83 103
83 104
83 123
83 132
83 143
83 149
83 156
84 13
84 23
84 24
84 29
84 32
84 33
84 53
84 65
84 69
84 72
84 121
84 136
85 16
85 26
85 41
85 62
85 71
85 86
85 93
85 95
85 109
85 138
85 150
85 152
85 153
85 155
85 156
86 16
86 26
86 36
86 39
86 46
86 62
86 74
86 85
86 93
86 95
86 103
86 138
86 143
86 149
86 152
86 153
86 156
87 0
87 4
87 11
87 43
87 45
87 48
87 75
87 80
87 96
87 111
87 118
87 122
87 131
87 139
87 157
88 31
88 38
88 51
88 56
88 75
88 78
88 81
88 89
88 91
88 96
88 118
88 120
88 127
89 31
89 51
89 56
89 63
89 78
89 81
89 88
89 91
89 96
89 120
90 3
90 7
90 25
90 42
90 47
90 52
90 57
90 59
90 79
90 94
90 100
90 108
90 128
90 144
91 31
91 37
91 51
91 56
91 63
91 66
91 78
91 81
91 88
91 89
91 120
91 126
91 134
91 154
92 1
92 31
92 35
92 37
92 44
92 51
92 58
92 97
92 154
93 16
93 26
93 41
93 62
93 71
93 85
93 86
93 95
93 109
93 138
93 143
93 149
93 150
93 152
93 153
93 155
93 156
94 7
94 22
94 25
94 49
94 59
94 79
94 90
94 106
94 115
94 144
95 16
95 26
95 41
95 46
95 55
95 62
95 85
95 86
95 93
95 138
95 143
95 152
95 153
96 4
96 31
96 38
96 45
96 48
96 56
96 75
96 81
96 87
96 88
96 89
96 111
96 118
96 120
96 127
96 131
97 1
97 14
97 35
97 44
97 73
97 92
97 98
97 121
98 1
98 6
98 13
98 14
98 15
98 17
98 23
98 32
98 35
98 53
98 67
98 70
98 73
98 97
98 113
98 121
99 8
99 40
99 54
99 60
99 112
99 114
99 119
99 147
100 3
100 5
100 7
100 25
100 34
100 38
100 42
100 47
100 52
100 57
100 79
100 82
100 90
100 107
100 108
100 141
100 144
101 9
101 18
101 27
101 30
101 102
101 130
101 133
101 140
102 27
102 30
102 101
102 106
102 115
102 133
102 140
103 19
103 21
103 36
103 39
103 74
103 83
103 86
103 104
103 123
103 132
103 143
103 149
103 156
104 9
104 19
104 27
104 28
104 30
104 36
104 74
104 77
104 83
104 103
104 123
104 130
104 132
105 65
105 69
105 124
105 136
105 142
106 22
106 25
106 49
106 59
106 94
106 102
106 115
106 140
107 3
107 22
107 25
107 34
107 42
107 52
107 82
107 100
107 108
107 141
108 3
108 5
108 7
108 25
108 34
108 38
108 42
108 47
108 52
108 57
108 79
108 82
108 90
108 100
108 107
108 127
108 141
108 144
109 0
109 2
109 26
109 71
109 85
109 93
109 117
109 122
109 139
109 152
109 155
109 156
109 157
110 41
110 129
110 145
110 146
110 151
111 4
111 11
111 29
111 31
111 33
111 43
111 45
111 48
111 58
111 75
111 80
111 87
111 96
111 118
112 8
112 40
112 54
112 60
112 64
112 99
112 114
112 148
113 6
113 12
113 14
113 15
113 70
113 73
113 98
114 8
114 40
114 54
114 60
114 99
114 112
114 147
115 22
115 25
115 49
115 59
115 94
115 102
115 106
115 140
116 129
116 145
116 158
117 0
117 2
117 11
117 43
117 45
117 71
117 75
117 109
117 122
117 131
117 139
117 141
117 155
117 157
118 0
118 4
118 11
118 31
118 43
118 45
118 48
118 56
118 75
118 80
118 81
118 87
118 88
118 96
118 111
118 122
118 131
119 40
119 54
119 99
119 147
120 31
120 51
120 56
120 63
120 78
120 81
120 88
120 89
120 91
120 96
120 127
121 1
121 6
121 13
121 17
121 23
121 24
121 29
121 32
121 33
121 35
121 53
121 67
121 72
121 84
121 97
121 98
122 0
122 2
122 4
122 11
122 43
122 45
122 48
122 75
122 87
122 109
122 117
122 118
122 131
122 139
122 157
123 9
123 28
123 30
123 36
123 74
123 83
123 103
123 104
123 132
123 149
124 105
124 142
124 146
125 137
125 145
125 146
126 20
126 37
126 51
126 61
126 63
126 66
126 91
126 134
127 5
127 38
127 42
127 56
127 57
127 75
127 82
127 88
127 96
127 108
127 120
128 7
128 47
128 57
128 60
128 79
128 90
128 144
129 110
129 116
129 145
129 158
130 9
130 18
130 27
130 28
130 30
130 77
130 101
130 104
130 133
130 140
131 0
131 2
131 4
131 11
131 43
131 45
131 48
131 75
131 87
131 96
131 117
131 118
131 122
131 139
131 157
132 9
132 28
132 30
132 83
132 103
132 104
132 123
133 27
133 30
133 101
133 102
133 130
133 140
134 20
134 37
134 61
134 63
134 66
134 76
134 91
134 126
134 135
135 61
135 64
135 66
135 76
135 134
135 148
136 65
136 69
136 72
136 84
136 105
136 142
137 125
138 16
138 26
138 36
138 39
138 41
138 62
138 71
138 74
138 85
138 86
138 93
138 95
138 143
138 149
138 152
138 153
138 155
138 156
139 0
139 2
139 4
139 11
139 43
139 45
139 71
139 87
139 109
139 117
139 122
139 131
139 155
139 157
140 9
140 18
140 27
140 28
140 30
140 101
140 102
140 106
140 115
140 130
140 133
141 2
141 3
141 5
141 34
141 38
141 42
141 52
141 82
141 100
141 107
141 108
141 117
142 65
142 105
142 124
142 136
143 16
143 19
143 21
143 26
143 36
143 39
143 46
143 62
143 74
143 83
143 86
143 93
143 95
143 103
143 138
143 149
143 152
143 153
143 156
144 7
144 25
144 47
144 52
144 57
144 59
144 79
144 90
144 94
144 100
144 108
144 128
145 110
145 116
145 125
145 129
145 146
146 110
146 124
146 125
146 145
146 151
147 40
147 54
147 99
147 114
147 119
148 8
148 40
148 54
148 61
148 64
148 76
148 112
148 135
149 19
149 21
149 26
149 36
149 39
149 74
149 83
149 86
149 93
149 103
149 123
149 138
149 143
149 152
149 156
150 16
150 41
150 71
150 85
150 93
150 151
150 152
150 153
150 155
151 110
151 146
151 150
152 2
152 16
152 26
152 41
152 71
152 85
152 86
152 93
152 95
152 109
152 138
152 143
152 149
152 150
152 153
152 155
152 156
153 16
153 26
153 41
153 62
153 71
153 85
153 86
153 93
153 95
153 138
153 143
153 150
153 152
153 155
153 156
154 31
154 35
154 37
154 44
154 51
154 58
154 63
154 80
154 81
154 91
154 92
155 2
155 26
155 41
155 71
155 85
155 93
155 109
155 117
155 138
155 139
155 150
155 152
155 153
155 156
155 157
156 26
156 36
156 39
156 71
156 74
156 83
156 85
156 86
156 93
156 103
156 109
156 138
156 143
156 149
156 152
156 153
156 155
157 0
157 2
157 11
157 43
157 45
157 71
157 87
157 109
157 117
157 122
157 131
157 139
157 155
158 116
158 129
159 17
159 50
159 53
159 65
159 67
159 69
