4
2 1
170
0 100.000000 100.000000 15 99999999 1
1 79.140624 3.491754 15 117 3
2 166.029745 43.575763 15 135 1
3 46.630892 133.894591 15 126 1
4 175.237020 82.378979 15 111 5
5 98.479829 133.373495 15 146 2
6 25.355381 37.403663 15 129 4
7 8.628900 89.190025 15 116 1
8 90.557754 36.989981 15 103 1
9 144.337564 179.663132 15 109 1
10 14.501645 111.624391 15 105 1
11 7.397087 28.884823 15 139 5
12 142.044900 64.549760 15 103 1
13 123.705306 32.883921 15 111 1
14 190.965326 137.871396 15 114 1
15 29.360986 28.511877 15 102 5
16 157.304797 188.988959 15 140 1
17 33.663790 71.916023 15 143 1
18 112.686128 151.911729 15 110 4
19 88.471867 37.604272 15 144 4
20 69.343782 166.247462 15 141 5
21 109.509132 184.585119 15 100 3
22 159.737390 62.579445 15 116 5
23 181.032798 144.011918 15 118 2
24 46.753775 155.663914 15 113 1
25 93.957211 111.870592 15 148 1
26 104.712302 181.145349 15 146 1
27 67.388262 103.949958 15 111 4
28 192.548517 59.767180 15 103 4
29 121.972520 140.032691 15 125 1
30 37.839165 151.195296 15 103 4
31 158.954926 72.774957 15 125 1
32 96.547757 96.586214 15 131 2
33 153.536424 115.071374 15 145 5
34 60.874872 141.154573 15 125 1
35 134.333890 72.325016 15 121 5
36 56.301842 66.749326 15 144 1
37 160.546285 39.399541 15 125 1
38 153.905439 172.509467 15 125 5
39 75.375416 179.663564 15 124 2
40 74.601146 72.567477 15 111 5
41 125.510007 19.417721 15 101 1
42 153.432930 163.290853 15 149 3
43 120.815532 66.614082 15 140 3
44 52.168325 197.767837 15 132 4
45 67.707465 22.599287 15 140 3
46 70.283966 120.916794 15 108 4
47 134.846932 58.741722 15 139 3
48 128.150159 167.459057 15 100 1
49 76.348825 177.075058 15 107 1
50 89.131565 101.764823 15 127 1
51 194.830782 181.998491 15 135 1
52 105.834183 198.884816 15 134 2
53 49.771204 153.325228 15 104 1
54 100.657862 34.557644 15 101 4
55 84.491794 144.379124 15 136 1
56 198.166231 88.959955 15 141 3
57 41.029507 98.421259 15 138 3
58 38.417836 95.037637 15 137 3
59 181.417369 131.394731 15 123 4
60 183.431851 146.775904 15 110 1
61 54.771094 28.896718 15 147 5
62 36.809927 98.402630 15 100 3
63 108.999544 80.991777 15 134 2
64 45.590142 57.482953 15 139 1
65 121.678591 118.567600 15 104 1
66 161.684824 81.621659 15 149 5
67 84.609984 100.336993 15 132 3
68 26.041644 43.160173 15 146 1
69 123.448457 8.371591 15 110 3
70 193.500032 166.729079 15 135 1
71 44.121436 146.782298 15 149 1
72 67.121947 9.524597 15 115 1
73 196.951433 162.778367 15 106 2
74 155.924671 128.922830 15 137 3
75 126.222608 192.342425 15 117 2
76 4.302836 68.255790 15 132 5
77 27.881039 122.733120 15 118 4
78 40.623227 155.288182 15 101 3
79 103.158057 93.323529 15 102 3
80 168.333892 36.991299 15 125 3
81 107.510069 71.817284 15 137 2
82 12.675532 49.124921 15 106 2
83 21.367628 98.710235 15 142 5
84 180.527520 74.346206 15 114 1
85 189.216553 55.349859 15 103 1
86 87.829687 17.666157 15 132 1
87 117.423362 134.045272 15 124 1
88 56.415430 167.885780 15 131 3
89 111.138811 100.245369 15 122 4
90 176.839237 113.888822 15 139 5
91 52.881979 152.757549 15 125 4
92 106.260351 1.201748 15 105 3
93 123.417667 122.748569 15 106 4
94 15.176262 7.514880 15 147 4
95 80.311330 79.631581 15 109 5
96 112.926565 172.630311 15 119 5
97 125.641433 36.085782 15 142 1
98 101.571000 137.652462 15 107 3
99 103.458310 105.011285 15 119 4
100 182.146902 116.229842 15 108 1
101 193.002591 56.128109 15 138 1
102 124.408125 163.700525 15 149 5
103 140.165612 55.360764 15 113 5
104 51.720940 191.975340 15 136 2
105 108.473790 7.140306 15 138 2
106 162.529804 151.580717 15 131 2
107 118.728248 79.772757 15 130 1
108 191.001027 55.529898 15 117 5
109 78.390116 8.215889 15 144 2
110 159.921035 140.301287 15 125 2
111 141.546012 18.497109 15 112 2
112 143.860156 87.678817 15 134 2
113 85.310106 50.466003 15 146 2
114 90.242256 162.850100 15 140 1
115 193.670267 79.760213 15 132 1
116 122.151996 6.530725 15 106 1
117 183.410427 42.737643 15 149 1
118 42.091408 118.237919 15 142 3
119 144.567328 55.334654 15 130 2
120 148.660728 14.838747 15 0 5
121 112.756686 104.522147 15 0 3
122 26.522364 65.382367 15 0 4
123 141.677318 161.610257 15 0 4
124 140.132117 92.504591 15 0 5
125 197.137387 36.937097 15 0 2
126 142.571254 145.429327 15 0 3
127 25.244523 137.853821 15 0 3
128 129.868581 69.140730 15 0 2
129 60.878879 195.364694 15 0 4
130 67.413298 178.569402 15 0 1
131 97.882936 189.161257 15 0 3
132 9.053205 8.757275 15 0 1
133 67.450144 90.527824 15 0 3
134 6.545482 31.878566 15 0 2
135 149.359164 64.266761 15 0 5
136 195.031650 46.155097 15 0 5
137 119.366448 195.973658 15 0 5
138 151.401941 18.729117 15 0 5
139 32.523328 147.715817 15 0 3
140 37.247193 82.555666 15 0 2
141 187.048896 175.072279 15 0 1
142 116.009393 35.906482 15 0 3
143 158.339804 126.123686 15 0 1
144 20.927182 114.056109 15 0 5
145 174.570178 171.696905 15 0 3
146 39.736677 130.288145 15 0 2
147 129.073333 68.677077 15 0 1
148 189.703425 19.044406 15 0 4
149 139.611085 186.635352 15 0 4
150 66.675129 10.628595 15 0 1
151 89.948844 75.262653 15 0 3
152 166.482572 123.243465 15 0 4
153 112.377150 125.545712 15 0 2
154 32.672288 75.004955 15 0 3
155 162.094440 94.723386 15 0 1
156 177.804372 139.008296 15 0 3
157 22.489650 189.915830 15 0 1
158 2.633637 54.611414 15 0 2
159 22.866324 67.456992 15 0 3
160 153.786879 61.308131 15 0 3
161 86.871547 198.561924 15 0 5
162 27.935870 65.949960 15 0 5
163 136.047134 136.180872 15 0 5
164 47.482747 167.788298 15 0 2
165 31.655223 168.640806 15 0 3
166 44.266797 171.325737 15 0 3
167 74.557405 66.521090 15 0 2
168 76.068723 135.530288 15 0 4
169 20.834335 135.733593 15 0 1
1832
0 25
0 32
0 50
0 63
0 65
0 67
0 79
0 81
0 89
0 95
0 99
0 107
0 121
0 151
0 153
1 45
1 72
1 86
1 92
1 105
1 109
1 150
2 22
2 37
2 80
2 85
2 101
2 103
2 108
2 117
2 119
2 135
2 136
2 138
2 160
3 24
3 30
3 34
3 46
3 53
3 71
3 77
3 78
3 91
3 118
3 127
3 139
3 146
3 168
3 169
4 22
4 28
4 31
4 56
4 66
4 84
4 115
4 155
5 18
5 25
5 29
5 55
5 65
5 87
5 93
5 98
5 99
5 153
5 168
6 11
6 15
6 64
6 68
6 82
6 122
6 134
6 158
6 162
7 10
7 62
7 76
7 83
7 122
7 140
7 144
7 154
7 159
8 19
8 45
8 54
8 86
8 113
8 142
9 16
9 38
9 42
9 48
9 75
9 102
9 123
9 137
9 149
10 7
10 57
10 58
10 62
10 77
10 83
10 118
10 127
10 144
10 169
11 6
11 15
11 68
11 82
11 94
11 132
11 134
11 158
12 22
12 31
12 35
12 43
12 47
12 66
12 103
12 107
12 112
12 119
12 124
12 128
12 135
12 147
12 160
13 41
13 47
13 54
13 69
13 97
13 103
13 105
13 111
13 116
13 142
14 23
14 59
14 60
14 70
14 73
14 90
14 100
14 152
14 156
15 6
15 11
15 61
15 68
15 82
15 94
15 132
15 134
16 9
16 38
16 42
16 145
16 149
17 36
17 57
17 58
17 62
17 64
17 68
17 76
17 83
17 122
17 140
17 154
17 159
17 162
18 5
18 29
18 48
18 55
18 87
18 96
18 98
18 102
18 114
18 153
18 163
19 8
19 45
19 54
19 86
19 113
19 142
20 24
20 34
20 39
20 49
20 53
20 55
20 88
20 91
20 114
20 130
20 164
20 166
21 26
21 48
21 52
21 75
21 96
21 102
21 114
21 131
21 137
21 161
22 2
22 4
22 12
22 31
22 35
22 37
22 47
22 66
22 80
22 84
22 103
22 112
22 119
22 135
22 160
23 14
23 59
23 60
23 70
23 73
23 74
23 100
23 106
23 110
23 143
23 145
23 152
23 156
24 3
24 20
24 30
24 34
24 53
24 71
24 78
24 88
24 91
24 127
24 139
24 146
24 164
24 165
24 166
25 0
25 5
25 27
25 32
25 46
25 50
25 65
25 67
25 79
25 89
25 98
25 99
25 121
25 153
25 168
26 21
26 39
26 48
26 49
26 52
26 75
26 96
26 102
26 114
26 131
26 137
26 161
27 25
27 46
27 50
27 57
27 67
27 95
27 118
27 133
28 4
28 56
28 84
28 85
28 101
28 108
28 115
28 117
28 125
28 136
29 5
29 18
29 48
29 65
29 87
29 93
29 98
29 102
29 123
29 126
29 153
29 163
30 3
30 24
30 34
30 53
30 71
30 78
30 88
30 91
30 127
30 139
30 146
30 164
30 165
30 166
30 169
31 4
31 12
31 22
31 35
31 47
31 66
31 84
31 103
31 112
31 119
31 124
31 128
31 135
31 155
31 160
32 0
32 25
32 50
32 63
32 67
32 79
32 81
32 89
32 95
32 99
32 107
32 121
32 133
32 151
33 74
33 90
33 100
33 110
33 112
33 124
33 143
33 152
33 155
33 163
34 3
34 20
34 24
34 30
34 46
34 53
34 55
34 71
34 78
34 88
34 91
34 118
34 139
34 146
34 164
34 168
35 12
35 22
35 31
35 43
35 47
35 63
35 66
35 81
35 103
35 107
35 112
35 119
35 124
35 128
35 135
35 147
35 160
36 17
36 40
36 64
36 95
36 122
36 133
36 140
36 154
36 162
36 167
37 2
37 22
37 80
37 103
37 111
37 117
37 119
37 120
37 135
37 138
37 160
38 9
38 16
38 42
38 48
38 106
38 123
38 126
38 145
38 149
39 20
39 26
39 44
39 49
39 88
39 104
39 114
39 129
39 130
39 131
39 161
40 36
40 67
40 95
40 113
40 133
40 151
40 167
41 13
41 54
41 69
41 92
41 97
41 105
41 111
41 116
41 120
41 138
41 142
42 9
42 16
42 38
42 48
42 102
42 106
42 110
42 123
42 126
42 145
42 149
43 12
43 35
43 47
43 63
43 81
43 103
43 107
43 119
43 128
43 135
43 147
44 39
44 104
44 129
44 130
44 166
45 1
45 8
45 19
45 61
45 72
45 86
45 109
45 150
46 3
46 25
46 27
46 34
46 50
46 55
46 67
46 118
46 168
47 12
47 13
47 22
47 31
47 35
47 43
47 97
47 103
47 107
47 119
47 128
47 135
47 142
47 147
47 160
48 9
48 18
48 21
48 26
48 29
48 38
48 42
48 75
48 96
48 102
48 123
48 126
48 137
48 149
49 20
49 26
49 39
49 88
49 104
49 114
49 129
49 130
49 131
49 161
50 0
50 25
50 27
50 32
50 46
50 63
50 67
50 79
50 89
50 95
50 99
50 121
50 133
50 151
51 70
51 73
51 141
51 145
52 21
52 26
52 75
52 96
52 131
52 137
52 161
53 3
53 20
53 24
53 30
53 34
53 71
53 78
53 88
53 91
53 127
53 139
53 146
53 164
53 165
53 166
54 8
54 13
54 19
54 41
54 86
54 97
54 105
54 113
54 142
55 5
55 18
55 20
55 34
55 46
55 98
55 114
55 168
56 4
56 28
56 84
56 115
57 10
57 17
57 27
57 58
57 62
57 77
57 83
57 118
57 133
57 140
57 144
57 154
58 10
58 17
58 57
58 62
58 77
58 83
58 118
58 133
58 140
58 144
58 154
59 14
59 23
59 60
59 74
59 90
59 100
59 106
59 110
59 143
59 152
59 156
60 14
60 23
60 59
60 70
60 73
60 106
60 110
60 141
60 145
60 152
60 156
61 15
61 45
61 72
61 150
62 7
62 10
62 17
62 57
62 58
62 77
62 83
62 118
62 140
62 144
62 154
63 0
63 32
63 35
63 43
63 50
63 79
63 81
63 89
63 95
63 99
63 107
63 121
63 128
63 147
63 151
64 6
64 17
64 36
64 68
64 122
64 140
64 154
64 159
64 162
65 0
65 5
65 25
65 29
65 87
65 89
65 93
65 98
65 99
65 121
65 153
65 163
66 4
66 12
66 22
66 31
66 35
66 84
66 112
66 124
66 135
66 155
66 160
67 0
67 25
67 27
67 32
67 40
67 46
67 50
67 79
67 89
67 95
67 99
67 121
67 133
67 151
68 6
68 11
68 15
68 17
68 64
68 82
68 122
68 134
68 158
68 159
68 162
69 13
69 41
69 92
69 97
69 105
69 111
69 116
69 120
69 138
69 142
70 14
70 23
70 51
70 60
70 73
70 141
70 145
71 3
71 24
71 30
71 34
71 53
71 77
71 78
71 88
71 91
71 118
71 127
71 139
71 146
71 164
71 165
71 166
71 169
72 1
72 45
72 61
72 86
72 109
72 150
73 14
73 23
73 51
73 60
73 70
73 141
73 145
74 23
74 33
74 59
74 90
74 100
74 106
74 110
74 126
74 143
74 152
74 156
74 163
75 9
75 21
75 26
75 48
75 52
75 96
75 102
75 131
75 137
75 149
76 7
76 17
76 82
76 122
76 154
76 158
76 159
76 162
77 3
77 10
77 57
77 58
77 62
77 71
77 83
77 118
77 127
77 139
77 144
77 146
77 169
78 3
78 24
78 30
78 34
78 53
78 71
78 88
78 91
78 127
78 139
78 146
78 164
78 165
78 166
78 169
79 0
79 25
79 32
79 50
79 63
79 67
79 81
79 89
79 95
79 99
79 107
79 121
79 151
80 2
80 22
80 37
80 85
80 108
80 117
80 120
80 125
80 136
80 138
80 148
80 160
81 0
81 32
81 35
81 43
81 63
81 79
81 89
81 95
81 107
81 128
81 147
81 151
82 6
82 11
82 15
82 68
82 76
82 122
82 134
82 158
82 159
82 162
83 7
83 10
83 17
83 57
83 58
83 62
83 77
83 118
83 140
83 144
83 154
84 4
84 22
84 28
84 31
84 56
84 66
84 85
84 101
84 108
84 115
84 155
84 160
85 2
85 28
85 80
85 84
85 101
85 108
85 115
85 117
85 125
85 136
86 1
86 8
86 19
86 45
86 54
86 72
86 92
86 105
86 109
86 150
87 5
87 18
87 29
87 65
87 93
87 98
87 121
87 126
87 153
87 163
88 20
88 24
88 30
88 34
88 39
88 49
88 53
88 71
88 78
88 91
88 104
88 129
88 130
88 164
88 165
88 166
89 0
89 25
89 32
89 50
89 63
89 65
89 67
89 79
89 81
89 93
89 99
89 107
89 121
89 153
90 14
90 33
90 59
90 74
90 100
90 143
90 152
90 155
90 156
91 3
91 20
91 24
91 30
91 34
91 53
91 71
91 78
91 88
91 130
91 139
91 146
91 164
91 165
91 166
91 168
92 1
92 41
92 69
92 86
92 105
92 109
92 116
93 5
93 29
93 65
93 87
93 89
93 98
93 99
93 121
93 126
93 153
93 163
94 11
94 15
94 132
94 134
95 0
95 27
95 32
95 36
95 40
95 50
95 63
95 67
95 79
95 81
95 113
95 133
95 151
95 167
96 18
96 21
96 26
96 48
96 52
96 75
96 102
96 114
96 131
96 137
97 13
97 41
97 47
97 54
97 69
97 103
97 111
97 116
97 119
97 142
98 5
98 18
98 25
98 29
98 55
98 65
98 87
98 93
98 114
98 153
98 168
99 0
99 5
99 25
99 32
99 50
99 63
99 65
99 67
99 79
99 89
99 93
99 107
99 121
99 153
100 14
100 23
100 33
100 59
100 74
100 90
100 143
100 152
100 155
100 156
101 2
101 28
101 84
101 85
101 108
101 115
101 117
101 125
101 136
102 9
102 18
102 21
102 26
102 29
102 42
102 48
102 75
102 96
102 123
102 126
102 149
102 163
103 2
103 12
103 13
103 22
103 31
103 35
103 37
103 43
103 47
103 97
103 119
103 128
103 135
103 147
103 160
104 39
104 44
104 49
104 88
104 129
104 130
104 157
104 164
104 166
105 1
105 13
105 41
105 54
105 69
105 86
105 92
105 116
105 142
106 23
106 38
106 42
106 59
106 60
106 74
106 110
106 123
106 126
106 143
106 145
106 152
106 156
107 0
107 12
107 32
107 35
107 43
107 47
107 63
107 79
107 81
107 89
107 99
107 112
107 121
107 124
107 128
107 147
107 151
108 2
108 28
108 80
108 84
108 85
108 101
108 115
108 117
108 125
108 136
109 1
109 45
109 72
109 86
109 92
109 150
110 23
110 33
110 42
110 59
110 60
110 74
110 106
110 123
110 126
110 143
110 152
110 156
110 163
111 13
111 37
111 41
111 69
111 97
111 116
111 120
111 138
112 12
112 22
112 31
112 33
112 35
112 66
112 107
112 124
112 128
112 135
112 147
112 155
112 160
113 8
113 19
113 40
113 54
113 95
113 151
113 167
114 18
114 20
114 21
114 26
114 39
114 49
114 55
114 96
114 98
114 130
114 131
115 4
115 28
115 56
115 84
115 85
115 101
115 108
116 13
116 41
116 69
116 92
116 97
116 105
116 111
116 120
117 2
117 28
117 37
117 80
117 85
117 101
117 108
117 125
117 136
117 148
118 3
118 10
118 27
118 34
118 46
118 57
118 58
118 62
118 71
118 77
118 83
118 127
118 144
118 146
118 169
119 2
119 12
119 22
119 31
119 35
119 37
119 43
119 47
119 97
119 103
119 128
119 135
119 147
119 160
120 37
120 41
120 69
120 80
120 111
120 116
120 138
121 0
121 25
121 32
121 50
121 63
121 65
121 67
121 79
121 87
121 89
121 93
121 99
121 107
121 124
121 153
122 6
122 7
122 17
122 36
122 64
122 68
122 76
122 82
122 140
122 154
122 158
122 159
122 162
123 9
123 29
123 38
123 42
123 48
123 102
123 106
123 110
123 126
123 149
123 163
124 12
124 31
124 33
124 35
124 66
124 107
124 112
124 121
124 128
124 135
124 147
124 155
125 28
125 80
125 85
125 101
125 108
125 117
125 136
125 148
126 29
126 38
126 42
126 48
126 74
126 87
126 93
126 102
126 106
126 110
126 123
126 143
126 163
127 3
127 10
127 24
127 30
127 53
127 71
127 77
127 78
127 118
127 139
127 144
127 146
127 169
128 12
128 31
128 35
128 43
128 47
128 63
128 81
128 103
128 107
128 112
128 119
128 124
128 135
128 147
128 160
129 39
129 44
129 49
129 88
129 104
129 130
129 161
129 166
130 20
130 39
130 44
130 49
130 88
130 91
130 104
130 114
130 129
130 161
130 164
130 166
131 21
131 26
131 39
131 49
131 52
131 75
131 96
131 114
131 137
131 161
132 11
132 15
132 94
132 134
133 27
133 32
133 36
133 40
133 50
133 57
133 58
133 67
133 95
133 151
133 167
134 6
134 11
134 15
134 68
134 82
134 94
134 132
134 158
135 2
135 12
135 22
135 31
135 35
135 37
135 43
135 47
135 66
135 103
135 112
135 119
135 124
135 128
135 147
135 160
136 2
136 28
136 80
136 85
136 101
136 108
136 117
136 125
136 148
137 9
137 21
137 26
137 48
137 52
137 75
137 96
137 131
137 149
138 2
138 37
138 41
138 69
138 80
138 111
138 120
139 3
139 24
139 30
139 34
139 53
139 71
139 77
139 78
139 91
139 127
139 146
139 164
139 165
139 166
139 169
140 7
140 17
140 36
140 57
140 58
140 62
140 64
140 83
140 122
140 154
140 159
140 162
141 51
141 60
141 70
141 73
141 145
142 8
142 13
142 19
142 41
142 47
142 54
142 69
142 97
142 105
143 23
143 33
143 59
143 74
143 90
143 100
143 106
143 110
143 126
143 152
143 156
143 163
144 7
144 10
144 57
144 58
144 62
144 77
144 83
144 118
144 127
144 146
144 169
145 16
145 23
145 38
145 42
145 51
145 60
145 70
145 73
145 106
145 141
146 3
146 24
146 30
146 34
146 53
146 71
146 77
146 78
146 91
146 118
146 127
146 139
146 144
146 169
147 12
147 35
147 43
147 47
147 63
147 81
147 103
147 107
147 112
147 119
147 124
147 128
147 135
147 160
148 80
148 117
148 125
148 136
149 9
149 16
149 38
149 42
149 48
149 75
149 102
149 123
149 137
150 1
150 45
150 61
150 72
150 86
150 109
151 0
151 32
151 40
151 50
151 63
151 67
151 79
151 81
151 95
151 107
151 113
151 133
151 167
152 14
152 23
152 33
152 59
152 60
152 74
152 90
152 100
152 106
152 110
152 143
152 155
152 156
153 0
153 5
153 18
153 25
153 29
153 65
153 87
153 89
153 93
153 98
153 99
153 121
153 163
154 7
154 17
154 36
154 57
154 58
154 62
154 64
154 76
154 83
154 122
154 140
154 159
154 162
155 4
155 31
155 33
155 66
155 84
155 90
155 100
155 112
155 124
155 152
156 14
156 23
156 59
156 60
156 74
156 90
156 100
156 106
156 110
156 143
156 152
157 104
157 165
157 166
158 6
158 11
158 68
158 76
158 82
158 122
158 134
158 159
158 162
159 7
159 17
159 64
159 68
159 76
159 82
159 122
159 140
159 154
159 158
159 162
160 2
160 12
160 22
160 31
160 35
160 37
160 47
160 66
160 80
160 84
160 103
160 112
160 119
160 128
160 135
160 147
161 21
161 26
161 39
161 49
161 52
161 129
161 130
161 131
162 6
162 17
162 36
162 64
162 68
162 76
162 82
162 122
162 140
162 154
162 158
162 159
163 18
163 29
163 33
163 65
163 74
163 87
163 93
163 102
163 110
163 123
163 126
163 143
163 153
164 20
164 24
164 30
164 34
164 53
164 71
164 78
164 88
164 91
164 104
164 130
164 139
164 165
164 166
165 24
165 30
165 53
165 71
165 78
165 88
165 91
165 139
165 157
165 164
165 166
166 20
166 24
166 30
166 44
166 53
166 71
166 78
166 88
166 91
166 104
166 129
166 130
166 139
166 157
166 164
166 165
167 36
167 40
167 95
167 113
167 133
167 151
168 3
168 5
168 25
168 34
168 46
168 55
168 91
168 98
169 3
169 10
169 30
169 71
169 77
169 78
169 118
169 127
169 139
169 144
169 146
