4
2 1
170
0 100.000000 100.000000 10 99999999 4
1 153.905965 34.504165 10 143 2
2 105.522003 39.301666 10 126 2
3 55.700116 38.730134 10 118 1
4 44.089415 93.885244 10 135 5
5 132.254059 53.184166 10 128 3
6 80.789123 95.378268 10 110 2
7 95.502176 22.229838 10 135 3
8 22.887081 80.958785 10 148 5
9 88.545016 22.513941 10 142 5
10 116.295634 78.575496 10 143 5
11 107.814059 15.169228 10 135 4
12 58.427833 108.693756 10 100 3
13 52.107786 100.332001 10 140 5
14 134.440533 87.849224 10 125 1
15 161.145674 22.212852 10 122 2
16 18.895470 88.955293 10 128 3
17 71.726814 84.774190 10 149 1
18 114.273198 84.205989 10 103 1
19 118.466424 99.143438 10 125 3
20 105.095860 51.326281 10 149 3
21 116.208819 61.156724 10 139 3
22 58.905407 101.757438 10 140 5
23 77.738133 29.766980 10 129 4
24 67.782430 42.221014 10 110 5
25 54.883017 58.033198 10 116 4
26 141.440015 44.416280 10 139 1
27 115.227652 34.245960 10 142 1
28 14.787534 94.621120 10 146 1
29 67.098428 92.670524 10 100 5
30 99.104638 86.675139 10 137 2
31 97.399747 37.097311 10 111 4
32 33.280122 95.095205 10 117 1
33 77.370109 24.916494 10 135 3
34 69.141476 93.580367 10 116 4
35 22.112839 84.836607 10 122 1
36 133.576272 71.158322 10 123 2
37 138.524090 80.521081 10 107 2
38 148.863958 39.685175 10 111 4
39 68.505062 78.176416 10 130 2
40 92.884738 78.821303 10 119 4
41 93.309281 88.711586 10 148 1
42 90.927457 14.878921 10 139 3
43 118.244115 34.349289 10 141 1
44 93.097333 87.264013 10 120 2
45 133.232667 25.440187 10 149 2
46 136.826619 12.792432 10 104 5
47 85.842640 49.495443 10 122 2
48 44.657949 25.408706 10 104 5
49 113.954974 83.292025 10 117 5
50 71.052432 22.430450 10 134 4
51 14.700294 87.056838 10 111 4
52 77.095257 86.822990 10 128 4
53 157.170405 81.974572 10 112 3
54 40.427813 74.613679 10 120 3
55 133.999205 36.568095 10 149 2
56 54.571623 79.430096 10 102 5
57 148.610219 22.688139 10 123 2
58 144.079404 76.256283 10 116 1
59 146.647727 85.030029 10 139 1
60 86.482873 90.574940 10 104 1
61 117.585646 17.693344 10 141 1
62 109.933249 106.736491 10 122 1
63 35.922298 105.423682 10 109 5
64 152.238656 94.732202 10 149 2
65 124.562785 87.734317 10 124 3
66 16.253524 83.635280 10 145 1
67 39.870334 56.630076 10 142 3
68 56.701783 82.751286 10 130 1
69 126.694233 93.962128 10 142 3
70 36.972923 122.123651 10 105 4
71 118.599860 83.899508 10 107 2
72 28.451930 134.484454 10 110 1
73 26.775593 45.829271 10 126 4
74 62.636155 125.732054 10 133 1
75 117.604842 120.032048 10 144 2
76 153.949812 24.781689 10 121 3
77 70.827798 121.700821 10 140 2
78 46.582435 50.424837 10 118 1
79 27.490009 137.483777 10 100 5
80 77.999532 37.515479 10 111 5
81 26.399917 78.662537 10 120 5
82 18.130722 35.542889 10 105 4
83 165.769944 15.090921 10 113 2
84 57.384464 24.663733 10 102 4
85 9.988346 97.097130 10 114 2
86 115.187109 134.261990 10 106 4
87 159.731286 110.282447 10 136 4
88 161.296187 33.197215 10 143 2
89 109.699988 140.786384 10 118 4
90 42.464719 33.596667 10 127 1
91 57.601748 120.031531 10 119 1
92 47.327505 34.816853 10 123 1
93 48.420454 35.964483 10 110 4
94 18.004091 147.925298 10 115 5
95 152.666117 8.768367 10 111 4
96 63.126712 23.418508 10 129 5
97 4.625502 115.740024 10 111 2
98 161.454148 104.265446 10 123 5
99 111.822099 134.386317 10 142 2
100 51.609481 76.595114 10 120 1
101 153.901388 67.314298 10 119 1
102 19.922941 66.591835 10 139 1
103 122.739394 82.353513 10 146 4
104 37.884430 7.034933 10 111 2
105 56.656746 117.578791 10 115 1
106 87.427150 26.691963 10 143 2
107 39.436582 9.445195 10 105 5
108 144.871120 89.444198 10 104 1
109 22.002087 53.499769 10 145 1
110 102.626156 28.316865 10 105 3
111 127.266368 139.354339 10 120 2
112 66.416445 105.872654 10 121 1
113 5.154711 78.922206 10 123 5
114 153.006928 24.201471 10 108 2
115 96.960630 66.216595 10 125 3
116 111.760660 54.593787 10 143 4
117 48.015485 99.121227 10 132 1
118 97.561426 24.290337 10 132 1
119 34.910159 33.439294 10 123 1
120 43.123669 93.712172 10 0 5
121 144.383232 157.879549 10 0 5
122 60.212823 59.645037 10 0 5
123 75.671392 165.690927 10 0 2
124 58.558568 131.728626 10 0 3
125 96.516153 168.211929 10 0 3
126 185.283737 188.901804 10 0 4
127 101.774187 71.248463 10 0 2
128 169.956421 46.335956 10 0 3
129 145.230732 24.336709 10 0 2
130 161.197680 157.187312 10 0 2
131 11.110543 94.661141 10 0 4
132 102.883631 178.452514 10 0 1
133 114.185365 110.690245 10 0 4
134 130.707098 54.760380 10 0 1
135 155.806458 161.831634 10 0 5
136 68.589290 95.657039 10 0 3
137 139.145873 81.074063 10 0 5
138 125.841294 169.364089 10 0 3
139 30.000750 22.756029 10 0 2
140 91.762425 37.421981 10 0 1
141 35.553780 15.982239 10 0 4
142 75.149545 125.931159 10 0 5
143 139.188227 171.453540 10 0 3
144 56.239482 132.599961 10 0 3
145 185.246302 175.268594 10 0 3
146 104.619667 172.375434 10 0 1
147 81.305910 138.525425 10 0 3
148 151.199412 23.369864 10 0 1
149 145.667918 40.243994 10 0 5
150 111.743586 159.021826 10 0 5
151 72.913730 87.807941 10 0 3
152 156.292828 188.784299 10 0 5
153 162.786834 137.552732 10 0 4
154 59.813628 61.816716 10 0 1
155 66.645532 148.911239 10 0 1
156 35.929817 65.681556 10 0 1
157 40.246235 162.311181 10 0 1
158 175.303918 81.017685 10 0 5
159 87.160148 116.526098 10 0 3
160 139.727850 128.046293 10 0 1
161 18.838387 90.918627 10 0 2
162 30.966807 123.995224 10 0 3
163 176.956239 157.697765 10 0 2
164 162.128119 189.090943 10 0 2
165 59.526391 160.791044 10 0 4
166 101.520564 120.518116 10 0 1
167 21.560875 117.278653 10 0 1
168 147.234802 173.860710 10 0 4
169 105.116743 45.122083 10 0 2
1310
0 6
0 19
0 30
0 41
0 44
0 60
0 62
0 133
1 15
1 26
1 38
1 57
1 76
1 88
1 114
1 128
1 129
1 148
1 149
2 7
2 20
2 27
2 31
2 43
2 110
2 116
2 118
2 140
2 169
3 24
3 25
3 48
3 78
3 84
3 90
3 92
3 93
3 96
4 13
4 22
4 32
4 54
4 56
4 63
4 68
4 100
4 117
4 120
5 21
5 26
5 36
5 55
5 134
5 149
6 0
6 17
6 29
6 34
6 41
6 44
6 52
6 60
6 112
6 136
6 151
7 2
7 9
7 11
7 23
7 31
7 33
7 42
7 106
7 110
7 118
7 140
8 16
8 28
8 32
8 35
8 51
8 54
8 66
8 81
8 102
8 113
8 131
8 161
9 7
9 23
9 31
9 33
9 42
9 50
9 80
9 106
9 110
9 118
9 140
10 18
10 21
10 30
10 36
10 49
10 65
10 69
10 71
10 103
10 127
11 7
11 42
11 61
11 110
11 118
12 13
12 22
12 29
12 34
12 74
12 77
12 91
12 105
12 112
12 117
12 136
13 4
13 12
13 22
13 29
13 32
13 34
13 63
13 68
13 105
13 112
13 117
13 120
13 136
14 19
14 36
14 37
14 58
14 59
14 64
14 65
14 69
14 71
14 103
14 108
14 137
15 1
15 57
15 76
15 83
15 88
15 95
15 114
15 129
15 148
16 8
16 28
16 32
16 35
16 51
16 66
16 81
16 85
16 113
16 131
16 161
17 6
17 29
17 34
17 39
17 52
17 56
17 60
17 68
17 136
17 151
18 10
18 19
18 30
18 49
18 65
18 69
18 71
18 103
18 127
19 0
19 14
19 18
19 49
19 62
19 65
19 69
19 71
19 103
19 133
20 2
20 21
20 27
20 31
20 47
20 115
20 116
20 140
20 169
21 5
21 10
21 20
21 115
21 116
21 127
21 134
21 169
22 4
22 12
22 13
22 29
22 34
22 68
22 91
22 105
22 112
22 117
22 120
22 136
22 151
23 7
23 9
23 24
23 33
23 42
23 50
23 80
23 96
23 106
23 140
24 3
24 23
24 33
24 47
24 80
24 96
24 122
25 3
25 67
25 78
25 100
25 122
25 154
26 1
26 5
26 38
26 55
26 134
26 149
27 2
27 20
27 31
27 43
27 55
27 61
27 110
27 169
28 8
28 16
28 32
28 35
28 51
28 66
28 81
28 85
28 113
28 131
28 161
29 6
29 12
29 13
29 17
29 22
29 34
29 39
29 52
29 56
29 60
29 68
29 112
29 136
29 151
30 0
30 10
30 18
30 40
30 41
30 44
30 49
30 60
30 71
30 127
31 2
31 7
31 9
31 20
31 27
31 47
31 80
31 106
31 110
31 118
31 140
31 169
32 4
32 8
32 13
32 16
32 28
32 35
32 63
32 81
32 117
32 120
32 161
33 7
33 9
33 23
33 24
33 42
33 50
33 80
33 84
33 96
33 106
33 140
34 6
34 12
34 13
34 17
34 22
34 29
34 39
34 52
34 60
34 68
34 112
34 136
34 151
35 8
35 16
35 28
35 32
35 51
35 66
35 81
35 85
35 102
35 113
35 131
35 161
36 5
36 10
36 14
36 37
36 58
36 59
36 65
36 71
36 103
36 134
36 137
37 14
37 36
37 53
37 58
37 59
37 64
37 65
37 69
37 103
37 108
37 137
38 1
38 26
38 55
38 57
38 76
38 88
38 114
38 129
38 148
38 149
39 17
39 29
39 34
39 52
39 56
39 68
39 100
39 136
39 151
39 154
40 30
40 41
40 44
40 52
40 60
40 115
40 127
41 0
41 6
41 30
41 40
41 44
41 52
41 60
41 127
42 7
42 9
42 11
42 23
42 33
42 106
42 110
42 118
43 2
43 27
43 45
43 55
43 61
43 110
43 169
44 0
44 6
44 30
44 40
44 41
44 52
44 60
44 127
45 43
45 46
45 55
45 57
45 61
45 114
45 129
45 148
45 149
46 45
46 57
46 61
46 95
46 114
46 129
46 148
47 20
47 24
47 31
47 80
47 140
47 169
48 3
48 84
48 90
48 92
48 93
48 96
48 104
48 107
48 119
48 139
48 141
49 10
49 18
49 19
49 30
49 65
49 69
49 71
49 103
49 127
50 9
50 23
50 33
50 80
50 84
50 96
50 106
51 8
51 16
51 28
51 35
51 66
51 81
51 85
51 113
51 131
51 161
52 6
52 17
52 29
52 34
52 39
52 40
52 41
52 44
52 60
52 136
52 151
53 37
53 58
53 59
53 64
53 101
53 108
53 137
53 158
54 4
54 8
54 56
54 67
54 68
54 81
54 100
54 120
54 156
55 5
55 26
55 27
55 38
55 43
55 45
55 129
55 134
55 149
56 4
56 17
56 29
56 39
56 54
56 68
56 100
56 120
56 154
57 1
57 15
57 38
57 45
57 46
57 76
57 83
57 88
57 95
57 114
57 129
57 148
57 149
58 14
58 36
58 37
58 53
58 59
58 101
58 108
58 137
59 14
59 36
59 37
59 53
59 58
59 64
59 101
59 108
59 137
60 0
60 6
60 17
60 29
60 30
60 34
60 40
60 41
60 44
60 52
60 136
60 151
61 11
61 27
61 43
61 45
61 46
61 110
62 0
62 19
62 75
62 133
62 166
63 4
63 13
63 32
63 70
63 117
63 120
63 162
63 167
64 14
64 37
64 53
64 59
64 87
64 98
64 108
64 137
65 10
65 14
65 18
65 19
65 36
65 37
65 49
65 69
65 71
65 103
65 137
66 8
66 16
66 28
66 35
66 51
66 81
66 85
66 102
66 113
66 131
66 161
67 25
67 54
67 73
67 78
67 109
67 156
68 4
68 13
68 17
68 22
68 29
68 34
68 39
68 54
68 56
68 100
68 117
68 120
68 136
68 151
69 10
69 14
69 18
69 19
69 37
69 49
69 65
69 71
69 103
69 108
69 137
70 63
70 72
70 79
70 162
70 167
71 10
71 14
71 18
71 19
71 30
71 36
71 49
71 65
71 69
71 103
72 70
72 79
72 94
72 162
72 167
73 67
73 82
73 90
73 109
73 119
74 12
74 77
74 91
74 105
74 124
74 142
74 144
75 62
75 86
75 99
75 133
75 166
76 1
76 15
76 38
76 57
76 83
76 88
76 95
76 114
76 129
76 148
76 149
77 12
77 74
77 91
77 105
77 112
77 124
77 142
77 144
77 147
77 159
78 3
78 25
78 67
78 90
78 92
78 93
78 122
78 154
78 156
79 70
79 72
79 94
79 162
80 9
80 23
80 24
80 31
80 33
80 47
80 50
80 106
80 140
81 8
81 16
81 28
81 32
81 35
81 51
81 54
81 66
81 102
81 156
81 161
82 73
82 109
82 119
82 139
83 15
83 57
83 76
83 88
83 95
83 114
83 148
84 3
84 33
84 48
84 50
84 90
84 92
84 93
84 96
85 16
85 28
85 35
85 51
85 66
85 97
85 113
85 131
85 161
86 75
86 89
86 99
86 111
86 166
87 64
87 98
88 1
88 15
88 38
88 57
88 76
88 83
88 114
88 128
88 129
88 148
88 149
89 86
89 99
89 111
89 150
90 3
90 48
90 73
90 78
90 84
90 92
90 93
90 119
90 139
90 141
91 12
91 22
91 74
91 77
91 105
91 112
91 124
91 142
91 144
92 3
92 48
92 78
92 84
92 90
92 93
92 96
92 119
93 3
93 48
93 78
93 84
93 90
93 92
93 96
93 119
94 72
94 79
95 15
95 46
95 57
95 76
95 83
95 114
95 129
95 148
96 3
96 23
96 24
96 33
96 48
96 50
96 84
96 92
96 93
97 85
97 167
98 64
98 87
99 75
99 86
99 89
99 111
99 166
100 4
100 25
100 39
100 54
100 56
100 68
100 120
100 122
100 154
100 156
101 53
101 58
101 59
102 8
102 35
102 66
102 81
102 109
102 113
102 156
103 10
103 14
103 18
103 19
103 36
103 37
103 49
103 65
103 69
103 71
103 137
104 48
104 107
104 139
104 141
105 12
105 13
105 22
105 74
105 77
105 91
105 112
105 124
105 144
106 7
106 9
106 23
106 31
106 33
106 42
106 50
106 80
106 110
106 118
106 140
107 48
107 104
107 139
107 141
108 14
108 37
108 53
108 58
108 59
108 64
108 69
108 137
109 67
109 73
109 82
109 102
109 156
110 2
110 7
110 9
110 11
110 27
110 31
110 42
110 43
110 61
110 106
110 118
110 140
110 169
111 86
111 89
111 99
111 160
112 6
112 12
112 13
112 22
112 29
112 34
112 77
112 91
112 105
112 117
112 136
112 151
113 8
113 16
113 28
113 35
113 51
113 66
113 85
113 102
113 131
113 161
114 1
114 15
114 38
114 45
114 46
114 57
114 76
114 83
114 88
114 95
114 129
114 148
114 149
115 20
115 21
115 40
115 116
115 127
116 2
116 20
116 21
116 115
116 127
116 134
116 169
117 4
117 12
117 13
117 22
117 32
117 63
117 68
117 112
117 120
118 2
118 7
118 9
118 11
118 31
118 42
118 106
118 110
118 140
119 48
119 73
119 82
119 90
119 92
119 93
119 139
119 141
120 4
120 13
120 22
120 32
120 54
120 56
120 63
120 68
120 100
120 117
121 130
121 135
121 143
121 168
122 24
122 25
122 78
122 100
122 154
123 155
123 165
124 74
124 77
124 91
124 105
124 142
124 144
124 155
125 132
125 146
125 150
126 145
127 10
127 18
127 21
127 30
127 40
127 41
127 44
127 49
127 115
127 116
128 1
128 88
129 1
129 15
129 38
129 45
129 46
129 55
129 57
129 76
129 88
129 95
129 114
129 148
129 149
130 121
130 135
130 153
130 163
131 8
131 16
131 28
131 35
131 51
131 66
131 85
131 113
131 161
132 125
132 146
133 0
133 19
133 62
133 75
133 166
134 5
134 21
134 26
134 36
134 55
134 116
135 121
135 130
135 143
135 168
136 6
136 12
136 13
136 17
136 22
136 29
136 34
136 39
136 52
136 60
136 68
136 112
136 151
137 14
137 36
137 37
137 53
137 58
137 59
137 64
137 65
137 69
137 103
137 108
138 143
138 150
139 48
139 82
139 90
139 104
139 107
139 119
139 141
140 2
140 7
140 9
140 20
140 23
140 31
140 33
140 47
140 80
140 106
140 110
140 118
140 169
141 48
141 90
141 104
141 107
141 119
141 139
142 74
142 77
142 91
142 124
142 147
142 159
143 121
143 135
143 138
143 168
144 74
144 77
144 91
144 105
144 124
144 155
145 126
145 163
146 125
146 132
146 150
147 77
147 142
147 155
148 1
148 15
148 38
148 45
148 46
148 57
148 76
148 83
148 88
148 95
148 114
148 129
148 149
149 1
149 5
149 26
149 38
149 45
149 55
149 57
149 76
149 88
149 114
149 129
149 148
150 89
150 125
150 138
150 146
151 6
151 17
151 22
151 29
151 34
151 39
151 52
151 60
151 68
151 112
151 136
152 164
152 168
153 130
154 25
154 39
154 56
154 78
154 100
154 122
155 123
155 124
155 144
155 147
155 165
156 54
156 67
156 78
156 81
156 100
156 102
156 109
157 165
158 53
159 77
159 142
159 166
160 111
161 8
161 16
161 28
161 32
161 35
161 51
161 66
161 81
161 85
161 113
161 131
162 63
162 70
162 72
162 79
162 167
163 130
163 145
164 152
165 123
165 155
165 157
166 62
166 75
166 86
166 99
166 133
166 159
167 63
167 70
167 72
167 97
167 162
168 121
168 135
168 143
168 152
169 2
169 20
169 21
169 27
169 31
169 43
169 47
169 110
169 116
169 140
