4
2 1
180
0 100.000000 100.000000 10 99999999 2
1 98.777606 106.538418 10 118 2
2 94.899399 124.153450 10 136 4
3 104.181404 121.649329 10 117 4
4 93.045975 126.518315 10 110 1
5 92.574479 126.453768 10 109 3
6 93.329344 90.836884 10 115 2
7 107.670866 105.851815 10 145 2
8 105.148127 136.414625 10 101 3
9 95.932789 119.899083 10 118 4
10 89.592366 136.844625 10 143 3
11 93.656449 137.248314 10 101 4
12 111.792211 86.642613 10 110 3
13 111.712126 103.486149 10 129 1
14 110.216992 109.364453 10 120 2
15 103.276300 152.754565 10 125 3
16 112.530577 168.466450 10 128 3
17 96.417060 154.140717 10 122 1
18 109.814487 154.361592 10 145 2
19 114.860899 91.529559 10 107 2
20 104.207835 110.533418 10 120 4
21 112.471239 141.425772 10 113 4
22 81.626173 90.807773 10 131 1
23 110.545576 168.457818 10 120 3
24 118.974130 174.796656 10 112 2
25 109.292714 137.282059 10 107 1
26 111.180601 182.213989 10 148 3
27 127.871431 177.010441 10 117 5
28 92.286750 171.639606 10 149 1
29 75.314544 131.713725 10 136 3
30 109.510488 90.507351 10 119 5
31 96.332304 185.845839 10 130 2
32 95.105127 79.758509 10 116 1
33 114.001363 71.012504 10 103 3
34 66.309408 129.623134 10 144 5
35 91.153882 62.235349 10 149 3
36 91.889545 139.505221 10 147 2
37 75.056796 112.598141 10 138 4
38 62.959178 130.782902 10 136 3
39 108.971162 99.326123 10 104 2
40 119.847899 80.699543 10 145 5
41 109.858951 75.800207 10 103 3
42 44.231717 133.340570 10 122 1
43 130.541311 136.867027 10 110 1
44 95.897007 161.683304 10 140 2
45 132.263131 119.427137 10 112 2
46 105.181538 96.202059 10 141 3
47 60.053122 103.499742 10 106 5
48 63.426317 143.499203 10 102 3
49 109.303962 197.502265 10 142 3
50 84.638839 139.921571 10 124 5
51 69.679989 111.782812 10 128 5
52 68.555310 118.510616 10 127 3
53 67.296680 142.790381 10 147 2
54 131.362080 180.884360 10 121 4
55 141.800148 105.699350 10 145 1
56 98.734395 145.285926 10 101 1
57 156.324774 110.851362 10 129 2
58 109.042780 182.425937 10 113 3
59 86.783415 95.957478 10 114 1
60 133.520442 139.802580 10 116 2
61 61.377660 99.488864 10 117 3
62 146.954624 153.406529 10 124 5
63 164.070116 154.570276 10 127 5
64 62.824541 140.654766 10 139 1
65 137.387550 86.922263 10 143 1
66 80.273976 61.732595 10 130 3
67 103.229551 85.128534 10 119 1
68 69.895214 51.778158 10 144 5
69 99.019053 89.056404 10 122 3
70 161.462549 105.289957 10 108 1
71 98.035051 85.691831 10 135 1
72 102.761281 92.095591 10 110 1
73 69.013391 141.009948 10 145 1
74 97.544043 167.448955 10 139 5
75 112.687090 109.513871 10 105 4
76 29.565269 131.029643 10 115 2
77 98.786716 56.384244 10 115 1
78 95.879151 118.287547 10 116 3
79 83.495221 56.871976 10 124 2
80 118.431825 138.814903 10 104 1
81 79.462472 127.354231 10 105 2
82 128.196416 96.039896 10 126 2
83 91.488827 54.460010 10 106 4
84 91.287710 57.543208 10 132 4
85 118.919271 190.220064 10 136 2
86 48.099233 87.378901 10 137 2
87 102.294222 40.445744 10 124 5
88 104.052015 141.668855 10 142 5
89 135.342251 69.199216 10 103 4
90 116.447845 51.105036 10 119 3
91 85.920164 80.313550 10 146 2
92 123.404163 92.556691 10 101 1
93 30.225351 112.326940 10 122 1
94 96.079095 137.576724 10 138 2
95 173.484011 107.857180 10 147 2
96 77.548872 130.038923 10 111 5
97 132.850023 174.477666 10 133 1
98 176.137480 158.896970 10 132 5
99 98.524709 109.819628 10 144 1
100 79.151808 34.446949 10 110 2
101 69.182197 33.826820 10 120 1
102 112.586498 185.609358 10 102 4
103 75.753044 149.426349 10 110 3
104 150.686318 110.332536 10 100 4
105 66.203121 165.787381 10 101 5
106 96.481961 86.561324 10 132 1
107 79.852070 45.745471 10 144 5
108 88.541285 145.249211 10 130 1
109 127.291372 180.610891 10 104 3
110 33.141295 80.904572 10 139 3
111 104.213317 59.677398 10 122 4
112 114.693186 139.575511 10 120 2
113 169.908737 95.149010 10 136 2
114 173.009715 141.295082 10 149 4
115 141.325576 146.209475 10 101 1
116 90.163330 93.176255 10 124 2
117 83.750878 125.254104 10 108 5
118 183.736714 121.070620 10 131 3
119 14.121258 77.663858 10 142 1
120 183.445859 83.184457 10 145 4
121 88.825170 157.216541 10 115 3
122 89.917938 60.559576 10 120 4
123 108.743750 167.417799 10 120 2
124 93.153861 174.157628 10 140 2
125 143.486476 146.424153 10 148 1
126 135.053071 162.761678 10 108 1
127 70.951526 79.141879 10 119 4
128 55.289018 101.624132 10 117 4
129 41.047260 85.734122 10 124 1
130 120.172363 151.930252 10 0 4
131 75.363516 88.691771 10 0 1
132 43.962963 106.118027 10 0 1
133 92.688253 171.713345 10 0 4
134 82.165958 69.605136 10 0 3
135 82.581708 110.462273 10 0 1
136 20.435336 62.931426 10 0 3
137 76.990869 69.669261 10 0 2
138 85.425699 105.458497 10 0 1
139 52.002710 177.212679 10 0 3
140 150.970167 148.261516 10 0 1
141 119.700527 80.775589 10 0 1
142 100.515734 21.793965 10 0 1
143 71.999791 68.002942 10 0 5
144 45.519455 26.892926 10 0 3
145 69.767652 18.602040 10 0 5
146 166.096470 53.153446 10 0 4
147 165.336214 79.102237 10 0 1
148 16.998685 79.859472 10 0 4
149 174.418907 80.765045 10 0 4
150 122.869876 106.215236 10 0 5
151 132.799614 45.718734 10 0 2
152 125.888319 35.637894 10 0 1
153 49.144262 52.649619 10 0 3
154 57.542334 42.164175 10 0 2
155 80.960765 15.551908 10 0 1
156 128.657701 168.660876 10 0 2
157 138.379982 168.075133 10 0 5
158 182.434828 64.983162 10 0 1
159 131.396528 20.430156 10 0 1
160 55.580711 56.464403 10 0 2
161 82.367343 157.272224 10 0 2
162 154.591138 147.372818 10 0 1
163 75.152482 129.227458 10 0 3
164 164.094051 130.785974 10 0 1
165 128.278049 39.222401 10 0 5
166 38.843578 15.651127 10 0 2
167 167.902930 97.083461 10 0 2
168 181.724921 72.978399 10 0 1
169 153.904780 87.759462 10 0 4
170 158.105174 52.507771 10 0 1
171 80.520792 21.906294 10 0 3
172 162.945686 133.524921 10 0 5
173 123.559540 125.536039 10 0 1
174 85.556285 105.992469 10 0 3
175 172.861402 68.144702 10 0 5
176 61.912011 174.341445 10 0 3
177 86.592833 175.119784 10 0 3
178 105.892626 34.989433 10 0 1
179 56.722393 72.684891 10 0 2
1978
0 1
0 6
0 7
0 12
0 13
0 14
0 19
0 20
0 30
0 39
0 46
0 59
0 67
0 69
0 71
0 72
0 75
0 78
0 99
0 106
0 116
0 138
0 174
1 0
1 2
1 3
1 6
1 7
1 9
1 13
1 14
1 20
1 30
1 39
1 46
1 59
1 69
1 72
1 75
1 78
1 99
1 116
1 135
1 138
1 174
2 1
2 3
2 4
2 5
2 8
2 9
2 10
2 11
2 20
2 25
2 36
2 50
2 78
2 81
2 88
2 94
2 96
2 99
2 117
2 135
3 1
3 2
3 4
3 5
3 7
3 8
3 9
3 11
3 13
3 14
3 20
3 25
3 75
3 78
3 94
3 99
3 173
4 2
4 3
4 5
4 8
4 9
4 10
4 11
4 20
4 25
4 29
4 36
4 50
4 56
4 78
4 81
4 88
4 94
4 96
4 99
4 108
4 117
4 135
4 163
5 2
5 3
5 4
5 8
5 9
5 10
5 11
5 20
5 25
5 29
5 36
5 50
5 56
5 78
5 81
5 88
5 94
5 96
5 99
5 108
5 117
5 135
5 163
6 0
6 1
6 12
6 22
6 30
6 32
6 39
6 46
6 59
6 67
6 69
6 71
6 72
6 91
6 99
6 106
6 116
6 131
6 138
6 174
7 0
7 1
7 3
7 9
7 12
7 13
7 14
7 19
7 20
7 30
7 39
7 46
7 69
7 72
7 75
7 78
7 99
7 150
8 2
8 3
8 4
8 5
8 9
8 10
8 11
8 15
8 17
8 18
8 21
8 25
8 36
8 56
8 80
8 88
8 94
8 108
8 112
9 1
9 2
9 3
9 4
9 5
9 7
9 8
9 10
9 11
9 14
9 20
9 75
9 78
9 81
9 94
9 99
9 117
9 135
9 138
9 174
10 2
10 4
10 5
10 8
10 9
10 11
10 17
10 25
10 29
10 36
10 50
10 56
10 78
10 81
10 88
10 94
10 96
10 103
10 108
10 117
10 163
11 2
11 3
11 4
11 5
11 8
11 9
11 10
11 15
11 17
11 21
11 25
11 29
11 36
11 50
11 56
11 78
11 81
11 88
11 94
11 96
11 108
11 117
12 0
12 6
12 7
12 13
12 19
12 30
12 32
12 33
12 39
12 40
12 41
12 46
12 67
12 69
12 71
12 72
12 82
12 92
12 106
12 141
13 0
13 1
13 3
13 7
13 12
13 14
13 19
13 20
13 30
13 39
13 46
13 69
13 72
13 75
13 82
13 92
13 99
13 150
14 0
14 1
14 3
14 7
14 9
14 13
14 19
14 20
14 30
14 39
14 46
14 72
14 75
14 78
14 99
14 150
15 8
15 11
15 16
15 17
15 18
15 21
15 23
15 25
15 36
15 44
15 56
15 74
15 88
15 94
15 108
15 112
15 121
15 123
15 130
16 15
16 18
16 23
16 24
16 26
16 27
16 44
16 58
16 74
16 102
16 109
16 123
16 130
16 156
17 8
17 10
17 11
17 15
17 18
17 28
17 36
17 44
17 50
17 56
17 74
17 88
17 94
17 108
17 121
17 123
17 133
17 161
18 8
18 15
18 16
18 17
18 21
18 23
18 25
18 44
18 56
18 74
18 80
18 88
18 112
18 123
18 130
19 0
19 7
19 12
19 13
19 14
19 30
19 39
19 40
19 41
19 46
19 67
19 69
19 71
19 72
19 75
19 82
19 92
19 106
19 141
19 150
20 0
20 1
20 2
20 3
20 4
20 5
20 7
20 9
20 13
20 14
20 39
20 46
20 72
20 75
20 78
20 99
20 138
20 150
20 174
21 8
21 11
21 15
21 18
21 25
21 43
21 56
21 80
21 88
21 94
21 112
21 130
21 173
22 6
22 32
22 59
22 69
22 71
22 91
22 106
22 116
22 127
22 131
22 135
22 138
22 174
23 15
23 16
23 18
23 24
23 26
23 27
23 28
23 44
23 58
23 74
23 102
23 123
23 124
23 130
23 133
23 156
24 16
24 23
24 26
24 27
24 54
24 58
24 85
24 97
24 102
24 109
24 123
24 156
25 2
25 3
25 4
25 5
25 8
25 10
25 11
25 15
25 18
25 21
25 36
25 56
25 80
25 88
25 94
25 112
25 130
25 173
26 16
26 23
26 24
26 27
26 31
26 49
26 58
26 85
26 102
26 109
26 123
26 124
27 16
27 23
27 24
27 26
27 54
27 58
27 85
27 97
27 102
27 109
27 126
27 156
27 157
28 17
28 23
28 31
28 44
28 58
28 74
28 121
28 123
28 124
28 133
28 161
28 177
29 4
29 5
29 10
29 11
29 34
29 36
29 37
29 38
29 48
29 50
29 52
29 53
29 64
29 73
29 81
29 96
29 103
29 108
29 117
29 163
30 0
30 1
30 6
30 7
30 12
30 13
30 14
30 19
30 32
30 39
30 40
30 41
30 46
30 67
30 69
30 71
30 72
30 75
30 82
30 92
30 106
30 116
30 141
31 26
31 28
31 49
31 58
31 74
31 102
31 124
31 133
31 177
32 6
32 12
32 22
32 30
32 35
32 41
32 46
32 59
32 67
32 69
32 71
32 72
32 91
32 106
32 116
32 122
32 134
33 12
33 40
33 41
33 67
33 111
33 141
34 29
34 37
34 38
34 48
34 51
34 52
34 53
34 64
34 73
34 81
34 96
34 117
34 163
35 32
35 66
35 77
35 79
35 83
35 84
35 91
35 107
35 111
35 122
35 134
35 137
36 2
36 4
36 5
36 8
36 10
36 11
36 15
36 17
36 25
36 29
36 50
36 56
36 81
36 88
36 94
36 96
36 103
36 108
36 117
36 121
36 163
37 29
37 34
37 47
37 51
37 52
37 61
37 81
37 96
37 117
37 135
37 138
37 163
37 174
38 29
38 34
38 42
38 48
38 52
38 53
38 64
38 73
38 81
38 96
38 163
39 0
39 1
39 6
39 7
39 12
39 13
39 14
39 19
39 20
39 30
39 46
39 67
39 69
39 71
39 72
39 75
39 82
39 92
39 99
39 106
39 116
39 150
40 12
40 19
40 30
40 33
40 41
40 65
40 67
40 82
40 89
40 92
40 141
41 12
41 19
41 30
41 32
41 33
41 40
41 67
41 69
41 71
41 72
41 106
41 111
41 141
42 38
42 64
42 76
43 21
43 45
43 60
43 80
43 112
43 115
43 125
43 130
43 173
44 15
44 16
44 17
44 18
44 23
44 28
44 56
44 74
44 108
44 121
44 123
44 124
44 133
44 161
44 177
45 43
45 55
45 150
45 173
46 0
46 1
46 6
46 7
46 12
46 13
46 14
46 19
46 20
46 30
46 32
46 39
46 59
46 67
46 69
46 71
46 72
46 75
46 92
46 99
46 106
46 116
47 37
47 51
47 52
47 61
47 128
47 132
48 29
48 34
48 38
48 53
48 64
48 73
48 96
48 103
48 163
49 26
49 31
49 58
49 85
49 102
50 2
50 4
50 5
50 10
50 11
50 17
50 29
50 36
50 53
50 56
50 73
50 81
50 88
50 94
50 96
50 103
50 108
50 117
50 121
50 161
50 163
51 34
51 37
51 47
51 52
51 61
51 81
51 96
51 117
51 128
51 135
51 138
51 163
51 174
52 29
52 34
52 37
52 38
52 47
52 51
52 81
52 96
52 117
52 135
52 163
53 29
53 34
53 38
53 48
53 50
53 64
53 73
53 81
53 96
53 103
53 163
54 24
54 27
54 85
54 97
54 102
54 109
54 126
54 156
54 157
55 45
55 57
55 65
55 70
55 82
55 104
55 150
56 4
56 5
56 8
56 10
56 11
56 15
56 17
56 18
56 21
56 25
56 36
56 44
56 50
56 88
56 94
56 108
56 112
56 121
57 55
57 70
57 95
57 104
57 167
58 16
58 23
58 24
58 26
58 27
58 28
58 31
58 49
58 74
58 85
58 102
58 109
58 123
58 124
58 133
59 0
59 1
59 6
59 22
59 32
59 46
59 67
59 69
59 71
59 72
59 91
59 99
59 106
59 116
59 131
59 135
59 138
59 174
60 43
60 62
60 80
60 112
60 115
60 125
60 130
60 140
60 173
61 37
61 47
61 51
61 86
61 128
61 131
61 132
62 60
62 63
62 115
62 125
62 126
62 140
62 157
62 162
63 62
63 98
63 114
63 140
63 162
64 29
64 34
64 38
64 42
64 48
64 53
64 73
64 96
64 103
64 163
65 40
65 55
65 82
65 89
65 92
65 141
65 169
66 35
66 68
66 77
66 79
66 83
66 84
66 91
66 107
66 122
66 127
66 134
66 137
66 143
67 0
67 6
67 12
67 19
67 30
67 32
67 33
67 39
67 40
67 41
67 46
67 59
67 69
67 71
67 72
67 91
67 106
67 116
67 141
68 66
68 79
68 100
68 101
68 107
68 137
68 143
68 154
68 160
69 0
69 1
69 6
69 7
69 12
69 13
69 19
69 22
69 30
69 32
69 39
69 41
69 46
69 59
69 67
69 71
69 72
69 91
69 106
69 116
70 55
70 57
70 95
70 104
70 113
70 167
70 169
71 0
71 6
71 12
71 19
71 22
71 30
71 32
71 39
71 41
71 46
71 59
71 67
71 69
71 72
71 91
71 106
71 116
72 0
72 1
72 6
72 7
72 12
72 13
72 14
72 19
72 20
72 30
72 32
72 39
72 41
72 46
72 59
72 67
72 69
72 71
72 99
72 106
72 116
73 29
73 34
73 38
73 48
73 50
73 53
73 64
73 81
73 96
73 103
73 108
73 163
74 15
74 16
74 17
74 18
74 23
74 28
74 31
74 44
74 58
74 121
74 123
74 124
74 133
74 161
74 177
75 0
75 1
75 3
75 7
75 9
75 13
75 14
75 19
75 20
75 30
75 39
75 46
75 78
75 99
75 150
75 173
76 42
76 93
77 35
77 66
77 79
77 83
77 84
77 87
77 90
77 111
77 122
78 0
78 1
78 2
78 3
78 4
78 5
78 7
78 9
78 10
78 11
78 14
78 20
78 75
78 81
78 94
78 99
78 117
78 135
78 138
78 174
79 35
79 66
79 68
79 77
79 83
79 84
79 107
79 122
79 134
79 137
79 143
80 8
80 18
80 21
80 25
80 43
80 60
80 88
80 112
80 130
80 173
81 2
81 4
81 5
81 9
81 10
81 11
81 29
81 34
81 36
81 37
81 38
81 50
81 51
81 52
81 53
81 73
81 78
81 94
81 96
81 117
81 135
81 163
82 12
82 13
82 19
82 30
82 39
82 40
82 55
82 65
82 92
82 141
82 150
83 35
83 66
83 77
83 79
83 84
83 87
83 107
83 111
83 122
83 134
84 35
84 66
84 77
84 79
84 83
84 107
84 111
84 122
84 134
84 137
85 24
85 26
85 27
85 49
85 54
85 58
85 102
85 109
86 61
86 110
86 128
86 129
86 132
86 179
87 77
87 83
87 90
87 111
87 142
87 178
88 2
88 4
88 5
88 8
88 10
88 11
88 15
88 17
88 18
88 21
88 25
88 36
88 50
88 56
88 80
88 94
88 108
88 112
88 130
89 40
89 65
89 141
90 77
90 87
90 111
90 151
90 152
90 165
90 178
91 6
91 22
91 32
91 35
91 59
91 66
91 67
91 69
91 71
91 106
91 116
91 127
91 131
91 134
91 137
91 143
92 12
92 13
92 19
92 30
92 39
92 40
92 46
92 65
92 82
92 141
92 150
93 76
93 132
94 2
94 3
94 4
94 5
94 8
94 9
94 10
94 11
94 15
94 17
94 21
94 25
94 36
94 50
94 56
94 78
94 81
94 88
94 108
94 112
94 117
95 57
95 70
95 113
95 118
95 167
96 2
96 4
96 5
96 10
96 11
96 29
96 34
96 36
96 37
96 38
96 48
96 50
96 51
96 52
96 53
96 64
96 73
96 81
96 103
96 108
96 117
96 163
97 24
97 27
97 54
97 109
97 126
97 156
97 157
98 63
98 114
99 0
99 1
99 2
99 3
99 4
99 5
99 6
99 7
99 9
99 13
99 14
99 20
99 39
99 46
99 59
99 72
99 75
99 78
99 116
99 135
99 138
99 174
100 68
100 101
100 107
100 145
100 155
100 171
101 68
101 100
101 107
101 145
101 154
101 171
102 16
102 23
102 24
102 26
102 27
102 31
102 49
102 54
102 58
102 85
102 109
102 123
103 10
103 29
103 36
103 48
103 50
103 53
103 64
103 73
103 96
103 105
103 108
103 121
103 161
104 55
104 57
104 70
105 103
105 139
105 161
105 176
106 0
106 6
106 12
106 19
106 22
106 30
106 32
106 39
106 41
106 46
106 59
106 67
106 69
106 71
106 72
106 91
106 116
107 35
107 66
107 68
107 79
107 83
107 84
107 100
107 101
107 122
108 4
108 5
108 8
108 10
108 11
108 15
108 17
108 29
108 36
108 44
108 50
108 56
108 73
108 88
108 94
108 96
108 103
108 121
108 161
109 16
109 24
109 26
109 27
109 54
109 58
109 85
109 97
109 102
109 126
109 156
109 157
110 86
110 119
110 129
110 148
111 33
111 35
111 41
111 77
111 83
111 84
111 87
111 90
111 122
112 8
112 15
112 18
112 21
112 25
112 43
112 56
112 60
112 80
112 88
112 94
112 130
112 173
113 70
113 95
113 120
113 147
113 149
113 167
113 169
114 63
114 98
114 162
114 164
114 172
115 43
115 60
115 62
115 125
115 126
115 140
115 162
116 0
116 1
116 6
116 22
116 30
116 32
116 39
116 46
116 59
116 67
116 69
116 71
116 72
116 91
116 99
116 106
116 131
116 135
116 138
116 174
117 2
117 4
117 5
117 9
117 10
117 11
117 29
117 34
117 36
117 37
117 50
117 51
117 52
117 78
117 81
117 94
117 96
117 135
117 138
117 163
117 174
118 95
119 110
119 136
119 148
120 113
120 147
120 149
120 158
120 168
120 175
121 15
121 17
121 28
121 36
121 44
121 50
121 56
121 74
121 103
121 108
121 124
121 133
121 161
121 177
122 32
122 35
122 66
122 77
122 79
122 83
122 84
122 107
122 111
122 134
122 137
122 143
123 15
123 16
123 17
123 18
123 23
123 24
123 26
123 28
123 44
123 58
123 74
123 102
123 124
123 130
123 133
123 156
124 23
124 26
124 28
124 31
124 44
124 58
124 74
124 121
124 123
124 133
124 177
125 43
125 60
125 62
125 115
125 126
125 140
125 162
126 27
126 54
126 62
126 97
126 109
126 115
126 125
126 130
126 156
126 157
127 22
127 66
127 91
127 131
127 134
127 137
127 143
127 179
128 47
128 51
128 61
128 86
128 132
129 86
129 110
130 15
130 16
130 18
130 21
130 23
130 25
130 43
130 60
130 80
130 88
130 112
130 123
130 126
130 156
131 6
131 22
131 59
131 61
131 91
131 116
131 127
131 137
131 138
132 47
132 61
132 86
132 93
132 128
133 17
133 23
133 28
133 31
133 44
133 58
133 74
133 121
133 123
133 124
133 161
133 177
134 32
134 35
134 66
134 79
134 83
134 84
134 91
134 122
134 127
134 137
134 143
135 1
135 2
135 4
135 5
135 9
135 22
135 37
135 51
135 52
135 59
135 78
135 81
135 99
135 116
135 117
135 138
135 174
136 119
136 148
137 35
137 66
137 68
137 79
137 84
137 91
137 122
137 127
137 131
137 134
137 143
138 0
138 1
138 6
138 9
138 20
138 22
138 37
138 51
138 59
138 78
138 99
138 116
138 117
138 131
138 135
138 174
139 105
139 176
140 60
140 62
140 63
140 115
140 125
140 162
140 172
141 12
141 19
141 30
141 33
141 40
141 41
141 65
141 67
141 82
141 89
141 92
142 87
142 171
142 178
143 66
143 68
143 79
143 91
143 122
143 127
143 134
143 137
143 179
144 154
144 166
145 100
145 101
145 155
145 171
146 170
146 175
147 113
147 120
147 149
147 167
147 168
147 169
147 175
148 110
148 119
148 136
149 113
149 120
149 147
149 158
149 167
149 168
149 175
150 7
150 13
150 14
150 19
150 20
150 39
150 45
150 55
150 75
150 82
150 92
150 173
151 90
151 152
151 165
152 90
152 151
152 159
152 165
153 154
153 160
154 68
154 101
154 144
154 153
154 160
155 100
155 145
155 171
156 16
156 23
156 24
156 27
156 54
156 97
156 109
156 123
156 126
156 130
156 157
157 27
157 54
157 62
157 97
157 109
157 126
157 156
158 120
158 149
158 168
158 175
159 152
159 165
160 68
160 153
160 154
160 179
161 17
161 28
161 44
161 50
161 74
161 103
161 105
161 108
161 121
161 133
161 177
162 62
162 63
162 114
162 115
162 125
162 140
162 164
162 172
163 4
163 5
163 10
163 29
163 34
163 36
163 37
163 38
163 48
163 50
163 51
163 52
163 53
163 64
163 73
163 81
163 96
163 117
164 114
164 162
164 172
165 90
165 151
165 152
165 159
166 144
167 57
167 70
167 95
167 113
167 147
167 149
167 169
168 120
168 147
168 149
168 158
168 175
169 65
169 70
169 113
169 147
169 167
170 146
171 100
171 101
171 142
171 145
171 155
172 114
172 140
172 162
172 164
173 3
173 21
173 25
173 43
173 45
173 60
173 75
173 80
173 112
173 150
174 0
174 1
174 6
174 9
174 20
174 22
174 37
174 51
174 59
174 78
174 99
174 116
174 117
174 135
174 138
175 120
175 146
175 147
175 149
175 158
175 168
176 105
176 139
177 28
177 31
177 44
177 74
177 121
177 124
177 133
177 161
178 87
178 90
178 142
179 86
179 127
179 143
179 160
