4
2 1
180
0 100.000000 100.000000 15 99999999 1
1 31.495544 36.884027 15 143 2
2 155.851994 96.699528 15 128 3
3 106.029356 183.660163 15 140 2
4 52.027851 188.153901 15 117 1
5 38.795516 92.397203 15 116 5
6 123.735242 195.012003 15 131 3
7 26.550930 165.596571 15 129 2
8 56.317917 10.107991 15 109 4
9 165.625067 116.132993 15 120 5
10 61.147104 105.453773 15 107 1
11 0.743933 164.339607 15 116 4
12 45.125388 146.919803 15 100 4
13 199.309500 15.976420 15 123 4
14 185.104075 71.561770 15 121 1
15 77.577199 174.351680 15 143 3
16 16.791824 77.837081 15 144 2
17 103.332620 86.173852 15 143 3
18 138.348325 165.489553 15 140 2
19 140.063506 40.745983 15 147 1
20 46.687457 3.210542 15 129 3
21 184.163413 22.482331 15 112 5
22 46.536804 91.498533 15 134 4
23 0.652388 15.071946 15 148 2
24 84.747888 131.737156 15 140 4
25 27.467931 64.583377 15 101 1
26 91.448669 92.217990 15 114 1
27 65.614048 63.220389 15 148 2
28 177.697742 47.895697 15 133 1
29 168.619176 130.739372 15 106 2
30 167.670720 104.478001 15 107 3
31 96.390466 135.634912 15 129 1
32 75.102609 173.272738 15 146 1
33 172.799783 106.125395 15 132 5
34 75.814859 78.975378 15 109 2
35 110.239505 23.368948 15 124 1
36 18.226337 176.829901 15 114 4
37 81.744692 147.905491 15 132 3
38 90.829684 195.676714 15 138 5
39 110.560857 0.989457 15 126 2
40 18.559799 160.937488 15 130 3
41 103.671569 128.980210 15 123 5
42 14.501368 84.841127 15 117 1
43 185.411325 166.079592 15 111 5
44 19.523043 101.903313 15 121 5
45 142.307562 73.182950 15 121 2
46 19.389020 145.813041 15 145 5
47 154.548225 98.623662 15 114 1
48 124.709047 12.998209 15 117 1
49 61.108063 106.001806 15 139 5
50 78.557118 88.777728 15 108 5
51 19.534215 199.021366 15 134 4
52 193.330038 100.216845 15 117 1
53 86.829252 75.926489 15 101 1
54 152.885679 148.261968 15 120 5
55 102.271705 103.777160 15 138 3
56 73.568970 152.660694 15 133 4
57 134.123794 172.447463 15 145 1
58 20.511119 16.856430 15 123 5
59 27.346121 12.864884 15 148 3
60 147.220616 34.750985 15 100 1
61 77.098184 158.945138 15 134 1
62 82.441013 90.646638 15 140 2
63 9.309513 129.512343 15 126 1
64 45.970595 112.762164 15 109 3
65 62.256328 122.796779 15 110 3
66 8.847013 188.530231 15 109 1
67 6.033440 87.306255 15 125 1
68 100.385824 20.579551 15 120 5
69 181.768354 65.281643 15 136 1
70 135.150378 142.712360 15 145 3
71 90.648734 118.579239 15 119 4
72 177.626466 26.681108 15 117 1
73 79.202412 106.460483 15 119 3
74 9.330641 44.190146 15 113 5
75 38.786760 33.255060 15 134 3
76 183.201027 158.932298 15 110 2
77 78.344360 8.655576 15 114 1
78 52.470804 175.456083 15 121 2
79 40.111357 75.756343 15 142 2
80 121.212468 68.706133 15 137 1
81 138.741742 36.772005 15 124 1
82 14.610533 127.574483 15 109 5
83 190.687567 55.645726 15 146 2
84 44.455531 63.937681 15 111 2
85 182.356832 170.558472 15 103 3
86 155.170655 138.811767 15 134 3
87 113.965417 125.203698 15 104 3
88 104.044459 134.912453 15 149 4
89 70.386653 103.060245 15 105 3
90 130.713962 173.974202 15 112 2
91 69.833767 23.549034 15 120 4
92 134.474125 156.454355 15 143 1
93 144.105195 74.980176 15 130 2
94 140.337179 199.062472 15 112 1
95 53.825392 177.392085 15 117 1
96 97.213056 117.167948 15 103 2
97 19.245825 153.667482 15 111 2
98 4.687613 1.594317 15 110 1
99 30.438962 132.003240 15 125 2
100 183.273360 62.022224 15 148 5
101 47.634465 117.353535 15 100 3
102 104.784719 32.771228 15 117 5
103 146.451560 1.738628 15 136 1
104 38.892155 174.139933 15 127 2
105 52.412937 160.947268 15 118 3
106 37.537185 103.768611 15 100 1
107 74.362111 139.094472 15 111 3
108 25.716721 64.099867 15 115 1
109 138.515639 13.259660 15 134 1
110 87.808674 82.037651 15 148 1
111 154.616601 56.407475 15 125 1
112 30.157751 137.324776 15 107 5
113 25.803913 118.733932 15 111 3
114 111.066628 87.616569 15 115 1
115 182.561187 166.534523 15 105 4
116 145.055581 106.389191 15 126 3
117 169.529076 81.967448 15 120 5
118 175.170648 74.494710 15 149 4
119 8.171463 92.810912 15 146 3
120 46.111159 20.385264 15 121 5
121 0.415332 69.367786 15 134 2
122 184.271257 158.135834 15 129 4
123 9.555475 5.264293 15 149 4
124 155.614139 151.636992 15 122 3
125 138.547434 110.257848 15 122 4
126 82.765268 150.654786 15 149 3
127 139.233620 10.475204 15 118 4
128 34.707167 183.379567 15 132 2
129 168.821822 39.297116 15 115 3
130 25.494800 64.845513 15 0 3
131 56.165445 186.962951 15 0 4
132 160.195227 94.464024 15 0 1
133 198.658121 143.635156 15 0 5
134 110.850670 165.189381 15 0 2
135 19.996126 132.437174 15 0 1
136 158.101800 53.427383 15 0 4
137 92.362061 42.682103 15 0 3
138 114.275311 108.932890 15 0 1
139 41.100910 24.848899 15 0 3
140 3.390222 182.132822 15 0 1
141 135.366549 170.283878 15 0 4
142 31.022799 11.857824 15 0 4
143 176.324418 132.773839 15 0 5
144 64.940839 145.801473 15 0 3
145 143.387758 25.242409 15 0 3
146 80.955453 45.077914 15 0 3
147 68.438275 125.569606 15 0 4
148 184.731650 179.227253 15 0 4
149 35.964038 65.808363 15 0 1
150 92.522945 107.895934 15 0 3
151 58.285249 151.825310 15 0 2
152 146.864345 174.852368 15 0 5
153 100.785552 61.216940 15 0 1
154 31.655331 35.161364 15 0 1
155 107.304690 38.706568 15 0 4
156 84.239950 161.861091 15 0 5
157 125.590490 112.324250 15 0 5
158 31.880695 88.959582 15 0 1
159 196.279873 165.091132 15 0 3
160 125.838271 59.167462 15 0 3
161 160.036985 183.771044 15 0 2
162 164.702390 181.363138 15 0 3
163 159.800827 27.522085 15 0 3
164 155.621031 193.202198 15 0 4
165 85.476297 119.749899 15 0 5
166 199.816487 83.099362 15 0 2
167 2.281770 154.548875 15 0 5
168 15.671674 23.186418 15 0 1
169 68.547543 38.401119 15 0 5
170 116.460388 118.457647 15 0 4
171 49.031918 181.672698 15 0 2
172 108.610136 163.575594 15 0 5
173 154.279426 40.615874 15 0 2
174 149.767097 24.524063 15 0 4
175 130.847365 1.343213 15 0 2
176 74.660802 146.839245 15 0 4
177 52.605040 180.358733 15 0 4
178 199.103481 142.202076 15 0 2
179 127.526914 38.457648 15 0 4
1986
0 17
0 26
0 41
0 50
0 53
0 55
0 62
0 71
0 73
0 87
0 89
0 96
0 110
0 114
0 138
0 150
0 157
0 165
0 170
1 25
1 58
1 59
1 74
1 75
1 84
1 108
1 120
1 130
1 139
1 142
1 149
1 154
1 168
2 9
2 30
2 33
2 45
2 47
2 93
2 116
2 117
2 118
2 125
2 132
3 6
3 15
3 38
3 90
3 134
3 172
4 15
4 32
4 78
4 95
4 104
4 105
4 128
4 131
4 171
4 177
5 10
5 16
5 22
5 42
5 44
5 49
5 64
5 79
5 84
5 101
5 106
5 113
5 149
5 158
6 3
6 57
6 90
6 94
6 141
7 11
7 12
7 36
7 40
7 46
7 66
7 78
7 95
7 97
7 104
7 105
7 112
7 128
7 140
7 167
7 171
7 177
8 20
8 59
8 75
8 77
8 91
8 120
8 139
8 142
9 2
9 29
9 30
9 33
9 47
9 86
9 116
9 125
9 132
9 143
10 5
10 22
10 49
10 50
10 62
10 64
10 65
10 73
10 89
10 101
10 106
10 147
10 165
11 7
11 36
11 40
11 46
11 66
11 97
11 140
11 167
12 7
12 46
12 56
12 65
12 78
12 97
12 99
12 101
12 104
12 105
12 112
12 135
12 144
12 151
12 176
13 21
13 72
14 28
14 52
14 69
14 83
14 100
14 117
14 118
14 166
15 3
15 4
15 32
15 37
15 38
15 56
15 61
15 78
15 95
15 105
15 126
15 131
15 151
15 156
15 171
15 176
15 177
16 5
16 25
16 42
16 44
16 67
16 79
16 108
16 119
16 121
16 130
16 149
16 158
17 0
17 26
17 34
17 50
17 53
17 55
17 62
17 80
17 110
17 114
17 138
17 150
17 153
18 54
18 57
18 70
18 90
18 92
18 124
18 134
18 141
18 152
18 161
18 172
19 60
19 81
19 109
19 111
19 129
19 136
19 145
19 160
19 163
19 173
19 174
19 179
20 8
20 58
20 59
20 120
20 139
20 142
21 13
21 28
21 72
21 129
21 163
22 5
22 10
22 44
22 49
22 64
22 79
22 84
22 89
22 101
22 106
22 149
22 158
23 58
23 59
23 98
23 123
23 168
24 31
24 37
24 41
24 56
24 61
24 65
24 71
24 73
24 87
24 88
24 96
24 107
24 126
24 144
24 147
24 150
24 165
24 176
25 1
25 16
25 42
25 74
25 79
25 84
25 108
25 121
25 130
25 149
25 154
25 158
26 0
26 17
26 34
26 50
26 53
26 55
26 62
26 71
26 73
26 89
26 96
26 110
26 114
26 138
26 150
26 165
27 34
27 50
27 53
27 79
27 84
27 110
27 146
27 149
27 169
28 14
28 21
28 69
28 72
28 83
28 100
28 111
28 118
28 129
28 136
28 163
28 173
29 9
29 30
29 33
29 54
29 86
29 124
29 143
30 2
30 9
30 29
30 33
30 47
30 52
30 116
30 117
30 125
30 132
30 143
31 24
31 37
31 41
31 56
31 71
31 87
31 88
31 96
31 107
31 126
31 147
31 150
31 156
31 165
31 170
31 176
32 4
32 15
32 37
32 38
32 56
32 61
32 78
32 95
32 105
32 126
32 131
32 144
32 151
32 156
32 171
32 176
32 177
33 2
33 9
33 29
33 30
33 47
33 52
33 116
33 117
33 132
33 143
34 17
34 26
34 27
34 50
34 53
34 62
34 73
34 89
34 110
35 39
35 48
35 68
35 102
35 137
35 155
35 179
36 7
36 11
36 40
36 51
36 66
36 97
36 104
36 128
36 140
36 167
37 15
37 24
37 31
37 32
37 41
37 56
37 61
37 88
37 107
37 126
37 144
37 147
37 151
37 156
37 165
37 176
38 3
38 15
38 32
39 35
39 48
39 68
39 175
40 7
40 11
40 36
40 46
40 66
40 97
40 104
40 112
40 128
40 135
40 140
40 167
41 0
41 24
41 31
41 37
41 55
41 71
41 87
41 88
41 96
41 138
41 150
41 157
41 165
41 170
42 5
42 16
42 25
42 44
42 67
42 79
42 106
42 108
42 119
42 121
42 130
42 149
42 158
43 76
43 85
43 115
43 122
43 133
43 148
43 159
43 162
43 178
44 5
44 16
44 22
44 42
44 63
44 64
44 67
44 82
44 106
44 113
44 119
44 158
45 2
45 47
45 80
45 93
45 111
45 117
45 132
45 136
45 160
46 7
46 11
46 12
46 40
46 63
46 82
46 97
46 99
46 112
46 113
46 135
46 167
47 2
47 9
47 30
47 33
47 45
47 93
47 116
47 117
47 125
47 132
48 35
48 39
48 68
48 81
48 102
48 103
48 109
48 127
48 145
48 174
48 175
48 179
49 5
49 10
49 22
49 50
49 62
49 64
49 65
49 73
49 89
49 101
49 106
49 147
49 165
50 0
50 10
50 17
50 26
50 27
50 34
50 49
50 53
50 55
50 62
50 73
50 89
50 110
50 150
51 36
51 66
51 128
51 140
52 14
52 30
52 33
52 117
52 166
53 0
53 17
53 26
53 27
53 34
53 50
53 62
53 110
53 114
53 153
54 18
54 29
54 70
54 86
54 92
54 124
54 141
54 143
54 152
55 0
55 17
55 26
55 41
55 50
55 62
55 71
55 73
55 87
55 96
55 110
55 114
55 138
55 150
55 157
55 165
55 170
56 12
56 15
56 24
56 31
56 32
56 37
56 61
56 105
56 107
56 126
56 144
56 147
56 151
56 156
56 176
57 6
57 18
57 70
57 90
57 92
57 94
57 124
57 134
57 141
57 152
57 161
57 164
57 172
58 1
58 20
58 23
58 59
58 74
58 75
58 98
58 120
58 123
58 139
58 142
58 154
58 168
59 1
59 8
59 20
59 23
59 58
59 75
59 98
59 120
59 123
59 139
59 142
59 154
59 168
60 19
60 81
60 109
60 111
60 127
60 129
60 136
60 145
60 163
60 173
60 174
60 179
61 15
61 24
61 32
61 37
61 56
61 78
61 95
61 105
61 107
61 126
61 144
61 151
61 156
61 176
62 0
62 10
62 17
62 26
62 34
62 49
62 50
62 53
62 55
62 71
62 73
62 89
62 110
62 114
62 150
62 165
63 44
63 46
63 82
63 97
63 99
63 112
63 113
63 135
63 167
64 5
64 10
64 22
64 44
64 49
64 65
64 89
64 99
64 101
64 106
64 112
64 113
64 147
64 158
65 10
65 12
65 24
65 49
65 64
65 71
65 73
65 89
65 101
65 107
65 144
65 147
65 151
65 165
65 176
66 7
66 11
66 36
66 40
66 51
66 128
66 140
67 16
67 42
67 44
67 119
67 121
67 130
67 158
68 35
68 39
68 48
68 77
68 102
68 137
68 155
69 14
69 28
69 83
69 100
69 111
69 117
69 118
69 129
69 136
69 166
70 18
70 54
70 57
70 86
70 87
70 92
70 124
70 141
71 0
71 24
71 26
71 31
71 41
71 55
71 62
71 65
71 73
71 87
71 88
71 89
71 96
71 107
71 138
71 147
71 150
71 165
71 170
72 13
72 21
72 28
72 129
72 163
72 173
72 174
73 0
73 10
73 24
73 26
73 34
73 49
73 50
73 55
73 62
73 65
73 71
73 89
73 96
73 110
73 147
73 150
73 165
74 1
74 25
74 58
74 108
74 121
74 130
74 154
74 168
75 1
75 8
75 58
75 59
75 120
75 139
75 142
75 154
75 168
76 43
76 85
76 115
76 122
76 124
76 133
76 143
76 148
76 159
76 162
76 178
77 8
77 68
77 91
78 4
78 7
78 12
78 15
78 32
78 61
78 95
78 104
78 105
78 128
78 131
78 151
78 171
78 177
79 5
79 16
79 22
79 25
79 27
79 42
79 84
79 106
79 108
79 130
79 149
79 158
80 17
80 45
80 93
80 114
80 153
80 160
81 19
81 48
81 60
81 109
81 111
81 127
81 136
81 145
81 160
81 163
81 173
81 174
81 179
82 44
82 46
82 63
82 97
82 99
82 112
82 113
82 135
82 167
83 14
83 28
83 69
83 100
83 118
83 129
83 166
84 1
84 5
84 22
84 25
84 27
84 79
84 108
84 130
84 149
84 158
85 43
85 76
85 115
85 122
85 148
85 159
85 161
85 162
86 9
86 29
86 54
86 70
86 92
86 124
86 143
87 0
87 24
87 31
87 41
87 55
87 70
87 71
87 88
87 96
87 125
87 138
87 150
87 157
87 165
87 170
88 24
88 31
88 37
88 41
88 71
88 87
88 96
88 107
88 126
88 138
88 150
88 165
88 170
88 172
89 0
89 10
89 22
89 26
89 34
89 49
89 50
89 62
89 64
89 65
89 71
89 73
89 101
89 110
89 147
89 150
89 165
90 3
90 6
90 18
90 57
90 92
90 94
90 134
90 141
90 152
90 172
91 8
91 77
91 120
91 137
91 139
91 146
91 169
92 18
92 54
92 57
92 70
92 86
92 90
92 124
92 134
92 141
92 152
92 172
93 2
93 45
93 47
93 80
93 111
93 117
93 132
93 136
93 160
94 6
94 57
94 90
94 141
94 152
94 161
94 164
95 4
95 7
95 15
95 32
95 61
95 78
95 104
95 105
95 128
95 131
95 151
95 171
95 177
96 0
96 24
96 26
96 31
96 41
96 55
96 71
96 73
96 87
96 88
96 138
96 147
96 150
96 157
96 165
96 170
97 7
97 11
97 12
97 36
97 40
97 46
97 63
97 82
97 99
97 104
97 112
97 135
97 167
98 23
98 58
98 59
98 123
98 142
98 168
99 12
99 46
99 63
99 64
99 82
99 97
99 101
99 106
99 112
99 113
99 135
100 14
100 28
100 69
100 83
100 111
100 117
100 118
100 129
100 136
100 166
101 5
101 10
101 12
101 22
101 49
101 64
101 65
101 89
101 99
101 106
101 112
101 113
101 147
102 35
102 48
102 68
102 137
102 146
102 153
102 155
102 179
103 48
103 109
103 127
103 145
103 163
103 174
103 175
104 4
104 7
104 12
104 36
104 40
104 78
104 95
104 97
104 105
104 128
104 131
104 151
104 171
104 177
105 4
105 7
105 12
105 15
105 32
105 56
105 61
105 78
105 95
105 104
105 128
105 131
105 144
105 151
105 171
105 176
105 177
106 5
106 10
106 22
106 42
106 44
106 49
106 64
106 79
106 99
106 101
106 113
106 158
107 24
107 31
107 37
107 56
107 61
107 65
107 71
107 88
107 126
107 144
107 147
107 151
107 156
107 165
107 176
108 1
108 16
108 25
108 42
108 74
108 79
108 84
108 121
108 130
108 149
108 154
108 158
109 19
109 48
109 60
109 81
109 103
109 127
109 145
109 163
109 174
109 175
109 179
110 0
110 17
110 26
110 27
110 34
110 50
110 53
110 55
110 62
110 73
110 89
110 114
110 150
110 153
111 19
111 28
111 45
111 60
111 69
111 81
111 93
111 100
111 117
111 118
111 129
111 136
111 160
111 163
111 173
112 7
112 12
112 40
112 46
112 63
112 64
112 82
112 97
112 99
112 101
112 113
112 135
113 5
113 44
113 46
113 63
113 64
113 82
113 99
113 101
113 106
113 112
113 135
114 0
114 17
114 26
114 53
114 55
114 62
114 80
114 110
114 138
114 150
114 153
114 157
115 43
115 76
115 85
115 122
115 133
115 148
115 159
115 161
115 162
115 178
116 2
116 9
116 30
116 33
116 47
116 125
116 132
116 157
117 2
117 14
117 30
117 33
117 45
117 47
117 52
117 69
117 93
117 100
117 111
117 118
117 132
118 2
118 14
118 28
118 69
118 83
118 100
118 111
118 117
118 132
118 136
118 166
119 16
119 42
119 44
119 67
119 121
119 158
120 1
120 8
120 20
120 58
120 59
120 75
120 91
120 139
120 142
120 154
120 169
121 16
121 25
121 42
121 67
121 74
121 108
121 119
121 130
122 43
122 76
122 85
122 115
122 124
122 133
122 143
122 148
122 159
122 178
123 23
123 58
123 59
123 98
123 142
123 168
124 18
124 29
124 54
124 57
124 70
124 76
124 86
124 92
124 122
124 141
124 143
124 152
125 2
125 9
125 30
125 47
125 87
125 116
125 132
125 138
125 157
125 170
126 15
126 24
126 31
126 32
126 37
126 56
126 61
126 88
126 107
126 144
126 147
126 151
126 156
126 172
126 176
127 48
127 60
127 81
127 103
127 109
127 145
127 163
127 174
127 175
128 4
128 7
128 36
128 40
128 51
128 66
128 78
128 95
128 104
128 105
128 131
128 171
128 177
129 19
129 21
129 28
129 60
129 69
129 72
129 83
129 100
129 111
129 136
129 145
129 163
129 173
129 174
130 1
130 16
130 25
130 42
130 67
130 74
130 79
130 84
130 108
130 121
130 149
130 158
131 4
131 15
131 32
131 78
131 95
131 104
131 105
131 128
131 171
131 177
132 2
132 9
132 30
132 33
132 45
132 47
132 93
132 116
132 117
132 118
132 125
133 43
133 76
133 115
133 122
133 143
133 159
133 178
134 3
134 18
134 57
134 90
134 92
134 141
134 156
134 172
135 12
135 40
135 46
135 63
135 82
135 97
135 99
135 112
135 113
135 167
136 19
136 28
136 45
136 60
136 69
136 81
136 93
136 100
136 111
136 118
136 129
136 163
136 173
137 35
137 68
137 91
137 102
137 146
137 153
137 155
137 169
138 0
138 17
138 26
138 41
138 55
138 71
138 87
138 88
138 96
138 114
138 125
138 150
138 157
138 170
139 1
139 8
139 20
139 58
139 59
139 75
139 91
139 120
139 142
139 154
139 168
140 7
140 11
140 36
140 40
140 51
140 66
140 167
141 6
141 18
141 54
141 57
141 70
141 90
141 92
141 94
141 124
141 134
141 152
141 161
141 172
142 1
142 8
142 20
142 58
142 59
142 75
142 98
142 120
142 123
142 139
142 154
142 168
143 9
143 29
143 30
143 33
143 54
143 76
143 86
143 122
143 124
143 133
143 178
144 12
144 24
144 32
144 37
144 56
144 61
144 65
144 105
144 107
144 126
144 147
144 151
144 156
144 176
145 19
145 48
145 60
145 81
145 103
145 109
145 127
145 129
145 163
145 173
145 174
145 175
145 179
146 27
146 91
146 102
146 137
146 153
146 155
146 169
147 10
147 24
147 31
147 37
147 49
147 56
147 64
147 65
147 71
147 73
147 89
147 96
147 101
147 107
147 126
147 144
147 150
147 151
147 165
147 176
148 43
148 76
148 85
148 115
148 122
148 159
148 161
148 162
149 1
149 5
149 16
149 22
149 25
149 27
149 42
149 79
149 84
149 108
149 130
149 158
150 0
150 17
150 24
150 26
150 31
150 41
150 50
150 55
150 62
150 71
150 73
150 87
150 88
150 89
150 96
150 110
150 114
150 138
150 147
150 165
150 170
151 12
151 15
151 32
151 37
151 56
151 61
151 65
151 78
151 95
151 104
151 105
151 107
151 126
151 144
151 147
151 156
151 176
151 177
152 18
152 54
152 57
152 90
152 92
152 94
152 124
152 141
152 161
152 162
152 164
153 17
153 53
153 80
153 102
153 110
153 114
153 137
153 146
153 155
153 160
154 1
154 25
154 58
154 59
154 74
154 75
154 108
154 120
154 139
154 142
154 168
155 35
155 68
155 102
155 137
155 146
155 153
155 160
155 179
156 15
156 31
156 32
156 37
156 56
156 61
156 107
156 126
156 134
156 144
156 151
156 172
156 176
157 0
157 41
157 55
157 87
157 96
157 114
157 116
157 125
157 138
157 170
158 5
158 16
158 22
158 25
158 42
158 44
158 64
158 67
158 79
158 84
158 106
158 108
158 119
158 130
158 149
159 43
159 76
159 85
159 115
159 122
159 133
159 148
159 178
160 19
160 45
160 80
160 81
160 93
160 111
160 153
160 155
160 179
161 18
161 57
161 85
161 94
161 115
161 141
161 148
161 152
161 162
161 164
162 43
162 76
162 85
162 115
162 148
162 152
162 161
162 164
163 19
163 21
163 28
163 60
163 72
163 81
163 103
163 109
163 111
163 127
163 129
163 136
163 145
163 173
163 174
164 57
164 94
164 152
164 161
164 162
165 0
165 10
165 24
165 26
165 31
165 37
165 41
165 49
165 55
165 62
165 65
165 71
165 73
165 87
165 88
165 89
165 96
165 107
165 147
165 150
165 176
166 14
166 52
166 69
166 83
166 100
166 118
167 7
167 11
167 36
167 40
167 46
167 63
167 82
167 97
167 135
167 140
168 1
168 23
168 58
168 59
168 74
168 75
168 98
168 123
168 139
168 142
168 154
169 27
169 91
169 120
169 137
169 146
170 0
170 31
170 41
170 55
170 71
170 87
170 88
170 96
170 125
170 138
170 150
170 157
171 4
171 7
171 15
171 32
171 78
171 95
171 104
171 105
171 128
171 131
171 177
172 3
172 18
172 57
172 88
172 90
172 92
172 126
172 134
172 141
172 156
173 19
173 28
173 60
173 72
173 81
173 111
173 129
173 136
173 145
173 163
173 174
173 179
174 19
174 48
174 60
174 72
174 81
174 103
174 109
174 127
174 129
174 145
174 163
174 173
174 175
174 179
175 39
175 48
175 103
175 109
175 127
175 145
175 174
176 12
176 15
176 24
176 31
176 32
176 37
176 56
176 61
176 65
176 105
176 107
176 126
176 144
176 147
176 151
176 156
176 165
177 4
177 7
177 15
177 32
177 78
177 95
177 104
177 105
177 128
177 131
177 151
177 171
178 43
178 76
178 115
178 122
178 133
178 143
178 159
179 19
179 35
179 48
179 60
179 81
179 102
179 109
179 145
179 155
179 160
179 173
179 174
